% Results file from /home/autonaut/casadi_with_cpp/autonaut/CourseController.cpp
% Generated Apr 19 2023 at 17:55:12

optims = [0.091855, 0.9821, 0.19964, 0.031876, 0.111892, 0.985413, 0.187531, 0.0470708, 0.139742, 0.987127, 0.167468, 0.0630693, 0.174512, 0.991981, 0.147904, 0.075085, 0.214122, 1.00152, 0.131238, 0.0828028, 0.256564, 1.01562, 0.118285, 0.0867453, 0.300037, 1.03338, 0.109827, 0.0872154, 0.342819, 1.05338, 0.106899, 0.0842155, 0.383187, 1.07387, 0.110434, 0.0777615, 0.419529, 1.09304, 0.120689, 0.0682509, 0.450559, 1.10945, 0.136919, 0.0565943, 0.47553, 1.12236, 0.157523, 0.0440264, 0.494308, 1.13168, 0.180502, 0.0317661, 0.507292, 1.13785, 0.203934, 0.020752, 0.515253, 1.14152, 0.226263, 0.0115455, 0.519149, 1.14337, 0.2464, 0.00436378, 0.519983, 1.14397, 0.263702, -0.000830759, 0.518692, 1.14378, 0.277898, -0.0042382, 0.516093, 1.14312, 0.289012, -0.00614653, 0.51285, 1.14223, 0.297269, -0.00687767, 0.509464, 1.14127, 0.303033, -0.00675007, 0.50629, 1.14035, 0.306732, -0.0060537, 0.503546, 1.13953, 0.308814, -0.00503485, 0.501342, 1.13886, 0.309704, -0.00388889, 0.499704, 1.13834, 0.309778, -0.00275941, 0.498598, 1.13798, 0.309349, -0.00174218, 0.497955, 1.13776, 0.308663, -0.000892045, 0.497686, 1.13765, 0.3079, -0.000231262, 0.497696, 1.13764, 0.307181, 0.000241934, 0.497898, 1.1377, 0.30658, 0.000545404, 0.498213, 1.13779, 0.306131, 0.000706328, 0.498578, 1.13791, 0.30584, 0.000755793, 0.498948, 1.13803, 0.305694, 0.000724791, 0.499287, 1.13814, 0.30567, 0.000641511, 0.499578, 1.13824, 0.305739, 0.000529754, 0.499811, 1.13832, 0.305871, 0.000408237, 0.499984, 1.13838, 0.30604, 0.000290577, 0.500101, 1.13842, 0.306224, 0.000185719, 0.500171, 1.13845, 0.306405, 9.86433e-05, 0.500203, 1.13846, 0.30657, 3.1198e-05, 0.500206, 1.13846, 0.306713, -1.70672e-05, 0.500189, 1.13846, 0.30683, -4.81259e-05, 0.500161, 1.13845, 0.30692, -6.4817e-05, 0.500127, 1.13844, 0.306986, -7.03203e-05, 0.500093, 1.13843, 0.307029, -6.777e-05, 0.500061, 1.13842, 0.307055, -5.9996e-05, 0.500034, 1.13841, 0.307067, -4.93742e-05, 0.500013, 1.1384, 0.307069, -3.77647e-05, 0.499997, 1.1384, 0.307065, -2.65148e-05, 0.499986, 1.1384, 0.307057, -1.65059e-05, 0.49998, 1.13839, 0.307047, -8.2258e-06, 0.499978, 1.13839, 0.307037, -1.85286e-06, 0.499978, 1.13839, 0.307028, 2.66034e-06, 0.49998, 1.13839, 0.307021, 5.51014e-06, 0.499983, 1.13839, 0.307016, 6.97663e-06, 0.499987, 1.13839, 0.307012, 7.37204e-06, 0.49999, 1.1384, 0.30701, 7.00297e-06, 0.499994, 1.1384, 0.307009, 6.14518e-06, 0.499996, 1.1384, 0.30701, 5.02922e-06, 0.499999, 1.1384, 0.307011, 3.83461e-06, 0.5, 1.1384, 0.307012, 2.69044e-06, 0.500001, 1.1384, 0.307014, 1.68016e-06, 0.500002, 1.1384, 0.307015, 8.48859e-07, 0.500002, 1.1384, 0.307017, 2.11591e-07, 0.500002, 1.1384, 0.307018, -2.38349e-07, 0.500002, 1.1384, 0.307019, -5.21868e-07, 0.500002, 1.1384, 0.30702, -6.67706e-07, 0.500001, 1.1384, 0.30702, -7.07416e-07, 0.500001, 1.1384, 0.307021, -6.71702e-07, 0.500001, 1.1384, 0.307021, -5.88009e-07, 0.5, 1.1384, 0.307021, -4.79161e-07, 0.5, 1.1384, 0.307021, -3.62855e-07, 0.5, 1.1384, 0.307021, -2.51747e-07, 0.5, 1.1384, 0.307021, -1.53968e-07, 0.5, 1.1384, 0.30702, -7.38637e-08, 0.5, 1.1384, 0.30702, -1.28255e-08, 0.5, 1.1384, 0.30702, 2.98789e-08, 0.5, 1.1384, 0.30702, 5.63607e-08, 0.5, 1.1384, 0.30702, 6.94812e-08, 0.5, 1.1384, 0.30702, 7.23597e-08, 0.5, 1.1384, 0.30702, 6.80161e-08, 0.5, 1.1384, 0.30702, 5.91379e-08, 0.5, 1.1384, 0.30702, 4.79504e-08, 0.5, 1.1384, 0.30702, 3.61692e-08, 0.5, 1.1384, 0.30702, 2.50131e-08, 0.5, 1.1384, 0.30702, 1.52563e-08, 0.5, 1.1384, 0.30702, 7.30268e-09, 0.5, 1.1384, 0.30702, 1.26914e-09, 0.5, 1.1384, 0.30702, -2.93283e-09, 0.5, 1.1384, 0.30702, -5.52361e-09, 0.5, 1.1384, 0.30702, -6.79388e-09, 0.5, 1.1384, 0.30702, -7.05671e-09, 0.5, 1.1384, 0.30702, -6.61291e-09, 0.5, 1.1384, 0.30702, -5.72866e-09, 0.5, 1.1384, 0.30702, -4.62328e-09, 0.5, 1.1384, 0.30702, -3.46507e-09, 0.5, 1.1384, 0.30702, -2.37289e-09, 0.5, 1.1384, 0.30702, -1.42164e-09, 0.5, 1.1384, 0.30702, -6.49791e-10, 0.5, 1.1384, 0.30702, -6.76939e-11, 0.5, 1.1384, 0.30702, 3.34295e-10, 0.5, 1.1384, 0.30702, 5.78553e-10, 0.5, 1.1384, 0.30702, 6.94138e-10, 0.5, 1.1384, 0.30702, 7.12095e-10, 0.5, 1.1384, 0.30702, 6.62092e-10, 0.5, 1.1384, 0.30702, 5.70256e-10, 0.5, 1.1384, 0.30702, 4.58015e-10, 0.5, 1.1384, 0.30702, 3.41725e-10, 0.5, 1.1384, 0.30702, 2.32857e-10, 0.5, 1.1384, 0.30702, 1.38559e-10, 0.5, 1.1384, 0.30702, 6.2413e-11, 0.5, 1.1384, 0.30702, 5.26363e-12, 0.5, 1.1384, 0.30702, -3.39788e-11, 0.5, 1.1384, 0.30702, -5.76229e-11, 0.5, 1.1384, 0.30702, -6.86034e-11, 0.5, 1.1384, 0.30702, -7.00234e-11, 0.5, 1.1384, 0.30702, -6.48284e-11, 0.5, 1.1384, 0.30702, -5.55986e-11, 0.5, 1.1384, 0.30702, -4.44403e-11, 0.5, 1.1384, 0.30702, -3.29526e-11, 0.5, 1.1384, 0.30702, -2.22507e-11, 0.5, 1.1384, 0.30702, -1.30226e-11, 0.5, 1.1384, 0.30702, -5.60641e-12, 0.5, 1.1384, 0.30702, -7.24796e-14, 0.5, 1.1384, 0.30702, 3.69658e-12, 0.5, 1.1384, 0.30702, 5.93547e-12, 0.5, 1.1384, 0.30702, 6.93798e-12, 0.5, 1.1384, 0.30702, 7.01221e-12, 0.5, 1.1384, 0.30702, 6.44898e-12, 0.5, 1.1384, 0.30702, 5.50181e-12, 0.5, 1.1384, 0.30702, 4.37668e-12, 0.5, 1.1384, 0.30702, 3.22917e-12, 0.5, 1.1384, 0.30702, 2.16694e-12, 0.5, 1.1384, 0.30702, 1.25572e-12, 0.5, 1.1384, 0.30702, 5.269e-13, 0.5, 1.1384, 0.30702, -1.41452e-14, 0.5, 1.1384, 0.30702, -3.80231e-13, 0.5, 1.1384, 0.30702, -5.95393e-13, 0.5, 1.1384, 0.30702, -6.89194e-13, 0.5, 1.1384, 0.30702, -6.92345e-13, 0.5, 1.1384, 0.30702, -6.33664e-13, 0.5, 1.1384, 0.30702, -5.38144e-13, 0.5, 1.1384, 0.30702, -4.25987e-13, 0.5, 1.1384, 0.30702, -3.12381e-13, 0.5, 1.1384, 0.30702, -2.07761e-13, 0.5, 1.1384, 0.30702, -1.18434e-13, 0.5, 1.1384, 0.30702, -4.73331e-14, 0.5, 1.1384, 0.30702, 5.13772e-15, 0.5, 1.1384, 0.30702, 4.0349e-14, 0.5, 1.1384, 0.30702, 6.07443e-14, 0.5, 1.1384, 0.30702, 6.92835e-14, 0.5, 1.1384, 0.30702, 6.90149e-14, 0.5, 1.1384, 0.30702, 6.2783e-14, 0.5, 1.1384, 0.30702, 5.3046e-14, 0.5, 1.1384, 0.30702, 4.17785e-14, 0.5, 1.1384, 0.30702, 3.04612e-14, 0.5, 1.1384, 0.30702, 2.01021e-14, 0.5, 1.1384, 0.30702, 1.1299e-14, 0.5, 1.1384, 0.30702, 4.32854e-15, 0.5, 1.1384, 0.30702, -7.86359e-16, 0.5, 1.1384, 0.30702, -4.193e-15, 0.5, 1.1384, 0.30702, -6.14398e-15, 0.5, 1.1384, 0.30702, -6.92983e-15, 0.5, 1.1384, 0.30702, -6.85966e-15, 0.5, 1.1384, 0.30702, -6.21406e-15, 0.5, 1.1384, 0.30702, -5.23414e-15, 0.5, 1.1384, 0.30702, -4.11368e-15, 0.5, 1.1384, 0.30702, -2.99858e-15, 0.5, 1.1384, 0.30702, -1.97905e-15, 0.5, 1.1384, 0.30702, -1.11481e-15, 0.5, 1.1384, 0.30702, -4.26824e-16, 0.5, 1.1384, 0.30702, 8.86365e-17, 0.5, 1.1384, 0.30702, 4.50129e-16, 0.5, 1.1384, 0.30702, 6.9211e-16, 0.5, 1.1384, 0.30702, 8.40634e-16, 0.5, 1.1384, 0.30702, 9.27054e-16, 0.5, 1.1384, 0.30702, 9.76305e-16, 0.5, 1.1384, 0.30702, 1.00982e-15, 0.5, 1.1384, 0.30702, 1.03936e-15, 0.5, 1.1384, 0.30702, 1.0718e-15, 0.5, 1.1384, 0.30702, 1.10121e-15, 0.259274, 0.378882, 0.422325, 0.420018, 0.386458, 0.330347, 0.259457, 0.182157, 0.106816, 0.0403142, -0.0130404, -0.0516634, -0.0761029, -0.0882265, -0.0905203, -0.0856061, -0.075945, -0.0636696, -0.0505025, -0.0377314, -0.0262295, -0.0165038, -0.00876193, -0.00298598, 0.000997068, 0.00345251, 0.00468683, 0.00500905, 0.00470403, 0.00401624, 0.00314205, 0.00222862, 0.00137724, 0.000649625, 7.54715e-05, -0.000339589, -0.000606563, -0.00074662, -0.000785843, -0.00075125, -0.000668038, -0.000557883, -0.000438114, -0.000321534, -0.000216716, -0.000128576, -5.90895e-05, -8.04299e-06, 2.62624e-05, 4.63973e-05, 5.53095e-05, 5.59525e-05, 5.10312e-05, 4.28499e-05, 3.32424e-05, 2.35657e-05, 1.47366e-05, 7.29459e-06, 1.47731e-06, -2.70216e-06, -5.38322e-06, -6.79577e-06, -7.21025e-06, -6.90038e-06, -6.11756e-06, -5.07566e-06, -3.94395e-06, -2.84631e-06, -1.86474e-06, -1.04541e-06, -4.05992e-07, 5.68606e-08, 3.60571e-07, 5.30655e-07, 5.95949e-07, 5.85053e-07, 5.23939e-07, 4.3454e-07, 3.34143e-07, 2.35384e-07, 1.46645e-07, 7.26918e-08, 1.54274e-08, -2.53497e-08,