% Results file from /home/autonaut/casadi_with_cpp/autonaut/CourseController.cpp
% Generated Apr 20 2023 at 15:08:50
optims1 = [0.091855, 0.9821, 0.19964, 0.031876, 0.103546, 0.989057, 0.250252, 0.0155765, 0.106466, 0.989783, 0.303099, -0.0029826, 0.100854, 0.986154, 0.351112, -0.0187091, 0.0885343, 0.980303, 0.391359, -0.030094, 0.0716752, 0.97366, 0.422996, -0.0371448, 0.0522977, 0.967004, 0.446163, -0.0403973, 0.032112, 0.960692, 0.461532, -0.0405467, 0.012471, 0.954859, 0.470108, -0.0383308, -0.00563808, 0.949556, 0.473112, -0.0344803, -0.021578, 0.944812, 0.471852, -0.0296751, -0.0350256, 0.94066, 0.467609, -0.0244997, -0.0459159, 0.937129, 0.461525, -0.0194125, -0.0543768, 0.934229, 0.454545, -0.0147347, -0.0606629, 0.931945, 0.447392, -0.0106596, -0.0650974, 0.930233, 0.440575, -0.00727395, -0.0680256, 0.929026, 0.434414, -0.00458421, -0.0697822, 0.928241, 0.429082, -0.00254277, -0.0706692, 0.92779, 0.424636, -0.00106987, -0.0709455, 0.927588, 0.421056, -7.09076e-05, -0.0708219, 0.927562, 0.418266, 0.000551092, -0.0704625, 0.927646, 0.416167, 0.000887154, -0.069989, 0.927793, 0.414644, 0.00101745, -0.0694864, 0.927965, 0.413585, 0.00100896, -0.0690099, 0.928138, 0.412885, 0.000914985, -0.0685918, 0.928295, 0.412453, 0.000775909, -0.0682468, 0.92843, 0.412213, 0.000620712, -0.0679781, 0.928538, 0.412102, 0.000468836, -0.067781, 0.928619, 0.412073, 0.000332134, -0.0676462, 0.928677, 0.412092, 0.000216722, -0.0675627, 0.928715, 0.412133, 0.000124616, -0.0675191, 0.928737, 0.412181, 5.50904e-05, -0.0675048, 0.928746, 0.412225, 5.77038e-06, -0.0675106, 0.928747, 0.412261, -2.65555e-05, -0.0675289, 0.928742, 0.412285, -4.53511e-05, -0.0675539, 0.928734, 0.412299, -5.39463e-05, -0.0675812, 0.928725, 0.412303, -5.53059e-05, -0.0676079, 0.928715, 0.4123, -5.19151e-05, -0.0676323, 0.928705, 0.412291, -4.57478e-05, -0.0676531, 0.928697, 0.412278, -3.82898e-05, -0.0676703, 0.92869, 0.412264, -3.05939e-05, -0.0676836, 0.928685, 0.412249, -2.33512e-05, -0.0676936, 0.928681, 0.412235, -1.69662e-05, -0.0677007, 0.928678, 0.412222, -1.16282e-05, -0.0677054, 0.928675, 0.41221, -7.37395e-06, -0.0677083, 0.928674, 0.4122, -4.14056e-06, -0.0677097, 0.928673, 0.412192, -1.80663e-06, -0.0677102, 0.928673, 0.412185, -2.23523e-07, -0.0677101, 0.928673, 0.41218, 7.62767e-07, -0.0677096, 0.928673, 0.412176, 1.29721e-06, -0.0677089, 0.928673, 0.412173, 1.50738e-06, -0.0677081, 0.928673, 0.412171, 1.49959e-06, -0.0677074, 0.928674, 0.41217, 1.35809e-06, -0.0677068, 0.928674, 0.412169, 1.14648e-06, -0.0677063, 0.928674, 0.412168, 9.10124e-07, -0.0677059, 0.928674, 0.412168, 6.79305e-07, -0.0677056, 0.928674, 0.412168, 4.72332e-07, -0.0677054, 0.928674, 0.412168, 2.98527e-07, -0.0677053, 0.928674, 0.412168, 1.60824e-07, -0.0677053, 0.928674, 0.412168, 5.7929e-08, -0.0677053, 0.928674, 0.412168, -1.39812e-08, -0.0677053, 0.928674, 0.412168, -5.99812e-08, -0.0677053, 0.928674, 0.412168, -8.54955e-08, -0.0677054, 0.928674, 0.412168, -9.5704e-08, -0.0677054, 0.928674, 0.412168, -9.51914e-08, -0.0677055, 0.928674, 0.412168, -8.77779e-08, -0.0677055, 0.928674, 0.412168, -7.64773e-08, -0.0677055, 0.928674, 0.412168, -6.35395e-08, -0.0677056, 0.928674, 0.412168, -5.05412e-08, -0.0677056, 0.928674, 0.412168, -3.85001e-08, -0.0677056, 0.928674, 0.412167, -2.79937e-08, -0.0677056, 0.928674, 0.412167, -1.92715e-08, -0.0677056, 0.928674, 0.412167, -1.23534e-08, -0.0677056, 0.928674, 0.412167, -7.11064e-09, -0.0677056, 0.928674, 0.412167, -3.33024e-09, -0.0677056, 0.928674, 0.412167, -7.62295e-10, -0.0677056, 0.928674, 0.412167, 8.46717e-10, -0.0677056, 0.928674, 0.412167, 1.73242e-09, -0.0677056, 0.928674, 0.412167, 2.10039e-09, -0.0677056, 0.928674, 0.412167, 2.12074e-09, -0.0677056, 0.928674, 0.412167, 1.92769e-09, -0.0677056, 0.928674, 0.412167, 1.62202e-09, -0.0677056, 0.928674, 0.412167, 1.27539e-09, -0.0677056, 0.928674, 0.412167, 9.35463e-10, -0.0677056, 0.928674, 0.412167, 6.30947e-10, -0.0677056, 0.928674, 0.412167, 3.76424e-10, -0.0677056, 0.928674, 0.412167, 1.76463e-10, -0.0677056, 0.928674, 0.412167, 2.90456e-11, -0.0677056, 0.928674, 0.412167, -7.17568e-11, -0.0677056, 0.928674, 0.412167, -1.33788e-10, -0.0677056, 0.928674, 0.412167, -1.65401e-10, -0.0677056, 0.928674, 0.412167, -1.74538e-10, -0.0677056, 0.928674, 0.412167, -1.68197e-10, -0.0677056, 0.928674, 0.412167, -1.52176e-10, -0.0677056, 0.928674, 0.412167, -1.31013e-10, -0.0677056, 0.928674, 0.412167, -1.08067e-10, -0.0677056, 0.928674, 0.412167, -8.56571e-11, -0.0677056, 0.928674, 0.412167, -6.52463e-11, -0.0677056, 0.928674, 0.412167, -4.76287e-11, -0.0677056, 0.928674, 0.412167, -3.31038e-11, -0.0677056, 0.928674, 0.412167, -2.16286e-11, -0.0677056, 0.928674, 0.412167, -1.29433e-11, -0.0677056, 0.928674, 0.412167, -6.66932e-12, -0.0677056, 0.928674, 0.412167, -2.38132e-12, -0.0677056, 0.928674, 0.412167, 3.42769e-13, -0.0677056, 0.928674, 0.412167, 1.89001e-12, -0.0677056, 0.928674, 0.412167, 2.59504e-12, -0.0677056, 0.928674, 0.412167, 2.73303e-12, -0.0677056, 0.928674, 0.412167, 2.52002e-12, -0.0677056, 0.928674, 0.412167, 2.11771e-12, -0.0677056, 0.928674, 0.412167, 1.64087e-12, -0.0677056, 0.928674, 0.412167, 1.16577e-12, -0.0677056, 0.928674, 0.412167, 7.38504e-13, -0.0677056, 0.928674, 0.412167, 3.82729e-13, -0.0677056, 0.928674, 0.412167, 1.06256e-13, -0.0677056, 0.928674, 0.412167, -9.34983e-14, -0.0677056, 0.928674, 0.412167, -2.25271e-13, -0.0677056, 0.928674, 0.412167, -3.00811e-13, -0.0677056, 0.928674, 0.412167, -3.32669e-13, -0.0677056, 0.928674, 0.412167, -3.32774e-13, -0.0677056, 0.928674, 0.412167, -3.11597e-13, -0.0677056, 0.928674, 0.412167, -2.77757e-13, -0.0677056, 0.928674, 0.412167, -2.37941e-13, -0.0677056, 0.928674, 0.412167, -1.97031e-13, -0.0677056, 0.928674, 0.412167, -1.58326e-13, -0.0677056, 0.928674, 0.412167, -1.23845e-13, -0.0677056, 0.928674, 0.412167, -9.46152e-14, -0.0677056, 0.928674, 0.412167, -7.09665e-14, -0.0677056, 0.928674, 0.412167, -5.27827e-14, -0.0677056, 0.928674, 0.412167, -3.97067e-14, -0.0677056, 0.928674, 0.412167, -3.13371e-14, -0.0677056, 0.928674, 0.412167, -2.73752e-14, -0.0677056, 0.928674, 0.412167, -2.77463e-14, -0.0677056, 0.928674, 0.412167, -3.27073e-14, -0.0677056, 0.928674, 0.412167, -4.29172e-14, -0.0677056, 0.928674, 0.412167, -5.95234e-14, -0.0677056, 0.928674, 0.412167, -8.41935e-14, -0.0677056, 0.928674, 0.412167, -1.19167e-13, -0.0677056, 0.928674, 0.412167, -1.67231e-13, -0.0677056, 0.928674, 0.412167, -2.31686e-13, -0.0677056, 0.928674, 0.412167, -3.16238e-13, -0.0677056, 0.928674, 0.412167, -4.24819e-13, -0.0677056, 0.928674, 0.412167, -5.61313e-13, -0.0677056, 0.928674, 0.412167, -7.29182e-13, -0.0677056, 0.928674, 0.412167, -9.3098e-13, -0.0677056, 0.928674, 0.412167, -1.16774e-12, -0.0677056, 0.928674, 0.412167, -1.43831e-12, -0.0677056, 0.928674, 0.412167, -1.73867e-12, -0.0677056, 0.928674, 0.412167, -2.06126e-12, -0.0677056, 0.928674, 0.412167, -2.39465e-12, -0.0677056, 0.928674, 0.412167, -2.72353e-12, -0.0677056, 0.928674, 0.412167, -3.0295e-12, -0.0677056, 0.928674, 0.412167, -3.29297e-12, -0.0677056, 0.928674, 0.412167, -3.49656e-12, -0.0677056, 0.928674, 0.412167, -3.63067e-12, -0.0677056, 0.928674, 0.412167, -3.70169e-12, -0.0677056, 0.928674, 0.412167, -3.7436e-12, -0.0677056, 0.928674, 0.412167, -3.83333e-12, -0.0677056, 0.928674, 0.412167, -4.11059e-12, -0.0677056, 0.928674, 0.412167, -4.80202e-12, -0.0677056, 0.928674, 0.412167, -6.2496e-12, -0.0677056, 0.928674, 0.412167, -8.94236e-12, -0.0677056, 0.928674, 0.412167, -1.35495e-11, -0.0677056, 0.928674, 0.412167, -2.09521e-11, -0.0677056, 0.928674, 0.412167, -3.22692e-11, -0.0677056, 0.928674, 0.412167, -4.8872e-11, -0.0677056, 0.928674, 0.412167, -7.23795e-11, -0.0677056, 0.928674, 0.412167, -1.04625e-10, -0.0677056, 0.928674, 0.412167, -1.47587e-10, -0.0677056, 0.928674, 0.412167, -2.03267e-10, -0.0677056, 0.928674, 0.412167, -2.73512e-10, -0.0677056, 0.928674, 0.412167, -3.59777e-10, -0.0677056, 0.928674, 0.412167, -4.6282e-10, -0.0677056, 0.928674, 0.412167, 