% Results file from /home/autonaut/casadi_with_cpp/autonaut/CourseController.cpp
% Generated Apr 19 2023 at 17:55:12

optims = [0.091855, 0.9821, 0.19964, 0.031876, 0.106859, 0.990712, 0.217475, 0.028197, 0.120093, 0.997548, 0.233174, 0.0247986, 0.131706, 1.00309, 0.246978, 0.0217155, 0.141858, 1.00766, 0.259109, 0.0189506, 0.150705, 1.01148, 0.269765, 0.0164894, 0.158393, 1.01469, 0.279124, 0.0143087, 0.165055, 1.01742, 0.287346, 0.0123823, 0.170811, 1.01974, 0.29457, 0.0106835, 0.175771, 1.02171, 0.300919, 0.00918713, 0.180027, 1.02339, 0.306501, 0.00786988, 0.183666, 1.02482, 0.31141, 0.00671079, 0.186761, 1.02603, 0.315729, 0.00569118, 0.189377, 1.02706, 0.31953, 0.00479452, 0.191572, 1.02791, 0.322877, 0.00400622, 0.193398, 1.02863, 0.325824, 0.00331346, 0.1949, 1.02921, 0.32842, 0.00270494, 0.196115, 1.02969, 0.330707, 0.00217076, 0.197081, 1.03007, 0.332723, 0.00170219, 0.197827, 1.03037, 0.334499, 0.00129155, 0.198381, 1.03059, 0.336064, 0.000932081, 0.198767, 1.03074, 0.337443, 0.00061782, 0.199006, 1.03084, 0.338658, 0.000343511, 0.199116, 1.03089, 0.339729, 0.000104512, 0.199115, 1.0309, 0.340671, -0.000103275, 0.199018, 1.03087, 0.341501, -0.000283473, 0.198836, 1.03081, 0.34223, -0.000439286, 0.198582, 1.03072, 0.342872, -0.000573546, 0.198266, 1.03061, 0.343435, -0.000688761, 0.197897, 1.03047, 0.34393, -0.000787152, 0.197482, 1.03032, 0.344363, -0.000870683, 0.197029, 1.03015, 0.344743, -0.000941096, 0.196543, 1.02997, 0.345074, -0.000999933, 0.196031, 1.02978, 0.345364, -0.00104856, 0.195497, 1.02959, 0.345615, -0.00108819, 0.194945, 1.02938, 0.345834, -0.00111989, 0.194379, 1.02917, 0.346023, -0.00114462, 0.193802, 1.02895, 0.346187, -0.00116321, 0.193217, 1.02874, 0.346327, -0.00117642, 0.192627, 1.02852, 0.346447, -0.0011849, 0.192033, 1.02829, 0.346549, -0.00118924, 0.191439, 1.02807, 0.346635, -0.00118996, 0.190844, 1.02785, 0.346706, -0.00118752, 0.190252, 1.02763, 0.346766, -0.00118233, 0.189663, 1.02741, 0.346814, -0.00117474, 0.189078, 1.02719, 0.346852, -0.00116507, 0.188499, 1.02697, 0.346882, -0.00115361, 0.187926, 1.02675, 0.346904, -0.00114061, 0.187359, 1.02654, 0.34692, -0.00112628, 0.1868, 1.02633, 0.346929, -0.00111081, 0.186249, 1.02613, 0.346933, -0.00109439, 0.185706, 1.02592, 0.346933, -0.00107716, 0.185173, 1.02572, 0.346929, -0.00105925, 0.184648, 1.02552, 0.34692, -0.00104079, 0.184132, 1.02533, 0.346909, -0.00102187, 0.183626, 1.02514, 0.346895, -0.00100258, 0.18313, 1.02495, 0.346879, -0.00098302, 0.182644, 1.02477, 0.34686, -0.000963242, 0.182168, 1.02459, 0.34684, -0.000943314, 0.181701, 1.02441, 0.346818, -0.00092329, 0.181245, 1.02424, 0.346794, -0.000903216, 0.180799, 1.02407, 0.346769, -0.000883136, 0.180362, 1.02391, 0.346744, -0.000863085, 0.179936, 1.02375, 0.346717, -0.000843096, 0.17952, 1.02359, 0.346689, -0.000823196, 0.179113, 1.02344, 0.346661, -0.00080341, 0.178717, 1.02329, 0.346633, -0.000783759, 0.17833, 1.02314, 0.346603, -0.000764263, 0.177953, 1.023, 0.346574, -0.000744936, 0.177585, 1.02286, 0.346544, -0.000725794, 0.177227, 1.02273, 0.346514, -0.000706849, 0.176879, 1.0226, 0.346483, -0.000688111, 0.17654, 1.02247, 0.346453, -0.000669591, 0.17621, 1.02234, 0.346422, -0.000651295, 0.175889, 1.02222, 0.346392, -0.000633233, 0.175577, 1.02211, 0.346361, -0.000615409, 0.175274, 1.02199, 0.34633, -0.000597829, 0.174979, 1.02188, 0.3463, -0.000580498, 0.174693, 1.02177, 0.346269, -0.00056342, 0.174416, 1.02167, 0.346239, -0.000546598, 0.174147, 1.02157, 0.346208, -0.000530036, 0.173886, 1.02147, 0.346178, -0.000513737, 0.173634, 1.02137, 0.346148, -0.000497702, 0.173389, 1.02128, 0.346119, -0.000481934, 0.173152, 1.02119, 0.346089, -0.000466434, 0.172923, 1.0211, 0.34606, -0.000451204, 0.172701, 1.02102, 0.346031, -0.000436245, 0.172487, 1.02094, 0.346002, -0.000421558, 0.17228, 1.02086, 0.345974, -0.000407143, 0.17208, 1.02078, 0.345945, -0.000393002, 0.171887, 1.02071, 0.345918, -0.000379135, 0.171701, 1.02064, 0.34589, -0.000365541, 0.171522, 1.02057, 0.345863, -0.000352221, 0.171349, 1.02051, 0.345836, -0.000339176, 0.171183, 1.02044, 0.345809, -0.000326403, 0.171023, 1.02038, 0.345783, -0.000313905, 0.170869, 1.02033, 0.345757, -0.000301678, 0.170721, 1.02027, 0.345732, -0.000289724, 0.17058, 1.02022, 0.345707, -0.000278041, 0.170444, 1.02017, 0.345682, -0.000266628, 0.170313, 1.02012, 0.345658, -0.000255485, 0.170188, 1.02007, 0.345634, -0.000244609, 0.170069, 1.02002, 0.34561, -0.000234, 0.169955, 1.01998, 0.345587, -0.000223657, 0.169845, 1.01994, 0.345565, -0.000213577, 0.169741, 1.0199, 0.345543, -0.000203758, 0.169642, 1.01986, 0.345521, -0.0001942, 0.169547, 1.01983, 0.345499, -0.0001849, 0.169457, 1.01979, 0.345479, -0.000175855, 0.169371, 1.01976, 0.345458, -0.000167064, 0.16929, 1.01973, 0.345438, -0.000158525, 0.169213, 1.0197, 0.345418, -0.000150234, 0.16914, 1.01967, 0.345399, -0.00014219, 0.169071, 1.01964, 0.345381, -0.00013439, 0.169006, 1.01962, 0.345362, -0.00012683, 0.168944, 1.0196, 0.345344, -0.000119508, 0.168886, 1.01957, 0.345327, -0.000112421, 0.168832, 1.01955, 0.34531, -0.000105567, 0.168781, 1.01953, 0.345294, -9.89408e-05, 0.168733, 1.01952, 0.345278, -9.25403e-05, 0.168688, 1.0195, 0.345262, -8.63621e-05, 0.168647, 1.01948, 0.345247, -8.04026e-05, 0.168608, 1.01947, 0.345232, -7.46584e-05, 0.168572, 1.01945, 0.345218, -6.91259e-05, 0.168539, 1.01944, 0.345204, -6.38015e-05, 0.168508, 1.01943, 0.34519, -5.86814e-05, 0.16848, 1.01942, 0.345177, -5.3762e-05, 0.168455, 1.01941, 0.345165, -4.90393e-05, 0.168431, 1.0194, 0.345153, -4.45096e-05, 0.16841, 1.01939, 0.345141, -4.01689e-05, 0.168391, 1.01939, 0.345129, -3.60132e-05, 0.168374, 1.01938, 0.345118, -3.20385e-05, 0.168359, 1.01937, 0.345108, -2.82408e-05, 0.168346, 1.01937, 0.345098, -2.4616e-05, 0.168335, 1.01936, 0.345088, -2.116e-05, 0.168325, 1.01936, 0.345078, -1.78686e-05, 0.168317, 1.01936, 0.345069, -1.47378e-05, 0.16831, 1.01935, 0.34506, -1.17632e-05, 0.168305, 1.01935, 0.345052, -8.94072e-06, 0.168301, 1.01935, 0.345044, -6.26613e-06, 0.168299, 1.01935, 0.345036, -3.7352e-06, 0.168298, 1.01935, 0.345029, -1.34369e-06, 0.168297, 1.01935, 0.345022, 9.1265e-07, 0.168298, 1.01935, 0.345015, 3.03806e-06, 0.168301, 1.01935, 0.345009, 5.03679e-06, 0.168304, 1.01935, 0.345003, 6.91309e-06, 0.168307, 1.01935, 0.344997, 8.6712e-06, 0.168312, 1.01935, 0.344991, 1.03154e-05, 0.168318, 1.01936, 0.344986, 1.18498e-05, 0.168324, 1.01936, 0.344981, 1.32787e-05, 0.168331, 1.01936, 0.344976, 1.46063e-05, 0.168339, 1.01936, 0.344972, 1.58367e-05, 0.168347, 1.01937, 0.344968, 1.69742e-05, 0.168356, 1.01937, 0.344964, 1.80229e-05, 0.168365, 1.01937, 0.34496, 1.89869e-05, 0.168375, 1.01938, 0.344956, 1.98703e-05, 0.168385, 1.01938, 0.344953, 2.06772e-05, 0.168395, 1.01938, 0.34495, 2.14115e-05, 0.168406, 1.01939, 0.344947, 2.20774e-05, 0.168417, 1.01939, 0.344944, 2.26787e-05, 0.168429, 1.0194, 0.344942, 2.32194e-05, 0.168441, 1.0194, 0.344939, 2.37034e-05, 0.168453, 1.01941, 0.344937, 2.41345e-05, 0.168465, 1.01941, 0.344935, 2.45165e-05, 0.168477, 1.01942, 0.344933, 2.4853e-05, 0.16849, 1.01942, 0.344931, 2.51478e-05, 0.168502, 1.01942, 0.344929, 2.54043e-05, 0.168515, 1.01943, 0.344928, 2.56262e-05, 0.168528, 1.01943, 0.344926, 2.58168e-05, 0.168541, 1.01944, 0.344925, 2.59794e-05, 0.168554, 1.01944, 0.344923, 2.61173e-05, 0.168567, 1.01945, 0.344922, 2.62335e-05, 0.16858, 1.01945, 0.344921, 2.63309e-05, 0.168593, 1.01946, 0.34492, 2.64125e-05, 0.168606, 1.01946, 0.344918, 2.64807e-05, 0.16862, 1.01947, 0.344917, 2.6538e-05, 0.168633, 1.01947, 0.344916, 2.65867e-05, 0.168646, 1.01948, 0.344915, 2.66286e-05, 0.16866, 1.01948, 0.344914, 2.66653e-05, 0.168673, 1.01949, 0.344913, 2.6698e-05, 0.168686, 1.01949, 0.344912, 2.67276e-05, -0.00120242, -0.00200189, -0.00254943, -0.0029399, -0.00323208, -0.00346192, -0.00365105, -0.0038122, -0.00395271, -0.00407668, -0.00418633, -0.00428285, -0.00436687, -0.00443879, -0.00449894, -0.00454764, -0.00458529, -0.00461234, -0.00462929, -0.00463672, -0.00463523, -0.00462545, 