% Results file from /home/autonaut/casadi_with_cpp/autonaut/CourseController.cpp
% Generated Apr 20 2023 at 15:37:59

chi_d0 = 0.53;
optims0 = [0.091855, 0.9821, 0.19964, 0.031876, 0.106653, 0.990554, 0.231805, 0.0272345, 0.118963, 0.997029, 0.260556, 0.0220278, 0.128717, 1.00187, 0.285735, 0.0170474, 0.136135, 1.00542, 0.307394, 0.0126838, 0.141566, 1.00796, 0.32573, 0.00908168, 0.145392, 1.00973, 0.341029, 0.00624444, 0.147978, 1.01094, 0.353625, 0.00410044, 0.149643, 1.01174, 0.363867, 0.00254479, 0.150652, 1.01225, 0.372099, 0.00146425, 0.151214, 1.01256, 0.378646, 0.000751245, 0.151489, 1.01273, 0.383803, 0.000311118, 0.151592, 1.01282, 0.38783, 6.49461e-05, 0.151604, 1.01286, 0.390952, -5.01712e-05, 0.151579, 1.01288, 0.393359, -8.23296e-05, 0.151549, 1.01288, 0.395208, -6.67831e-05, 0.151531, 1.01289, 0.396626, -2.81788e-05, 0.151533, 1.01289, 0.397716, 1.7229e-05, 0.151557, 1.01291, 0.398557, 5.95587e-05, 0.151598, 1.01292, 0.399211, 9.35575e-05, 0.151653, 1.01295, 0.399724, 0.000117169, 0.151717, 1.01297, 0.400132, 0.000130401, 0.151784, 1.013, 0.400461, 0.000134472, 0.151852, 1.01303, 0.400729, 0.000131191, 0.151916, 1.01305, 0.40095, 0.000122537, 0.151974, 1.01308, 0.401135, 0.000110387, 0.152026, 1.0131, 0.40129, 9.63672e-05, 0.152071, 1.01312, 0.401421, 8.1784e-05, 0.152108, 1.01313, 0.401532, 6.76093e-05, 0.152139, 1.01315, 0.401626, 5.45073e-05, 0.152163, 1.01316, 0.401704, 4.28773e-05, 0.152182, 1.01316, 0.401771, 3.29061e-05, 0.152197, 1.01317, 0.401826, 2.46203e-05, 0.152207, 1.01318, 0.401871, 1.7935e-05, 0.152215, 1.01318, 0.401909, 1.26943e-05, 0.152221, 1.01318, 0.40194, 8.70473e-06, 0.152224, 1.01318, 0.401965, 5.76018e-06, 0.152227, 1.01318, 0.401985, 3.65965e-06, 0.152228, 1.01319, 0.402001, 2.21879e-06, 0.152229, 1.01319, 0.402013, 1.27641e-06, 0.152229, 1.01319, 0.402023, 6.97207e-07, 0.15223, 1.01319, 0.402031, 3.71769e-07, 0.15223, 1.01319, 0.402037, 2.14787e-07, 0.15223, 1.01319, 0.402042, 1.62204e-07, 0.15223, 1.01319, 0.402046, 1.67881e-07, 0.15223, 1.01319, 0.402049, 2.00193e-07, 0.15223, 1.01319, 0.402051, 2.38806e-07, 0.15223, 1.01319, 0.402053, 2.71829e-07, 0.152231, 1.01319, 0.402054, 2.93388e-07, 0.152231, 1.01319, 0.402055, 3.01671e-07, 0.152231, 1.01319, 0.402056, 2.97399e-07, 0.152231, 1.01319, 0.402057, 2.8269e-07, 0.152231, 1.01319, 0.402057, 2.6026e-07, 0.152231, 1.01319, 0.402058, 2.32883e-07, 0.152231, 1.01319, 0.402058, 2.03069e-07, 0.152232, 1.01319, 0.402059, 1.72891e-07, 0.152232, 1.01319, 0.402059, 1.43927e-07, 0.152232, 1.01319, 0.402059, 1.17268e-07, 0.152232, 1.01319, 0.402059, 9.35746e-08, 0.152232, 1.01319, 0.402059, 7.31515e-08, 0.152232, 1.01319, 0.40206, 5.60295e-08, 0.152232, 1.01319, 0.40206, 4.20437e-08, 0.152232, 1.01319, 0.40206, 3.09029e-08, 0.152232, 1.01319, 0.40206, 2.22463e-08, 0.152232, 1.01319, 0.40206, 1.56878e-08, 0.152232, 1.01319, 0.40206, 1.08478e-08, 0.152232, 1.01319, 0.40206, 7.37459e-09, 0.152232, 1.01319, 0.40206, 4.95733e-09, 0.152232, 1.01319, 0.40206, 3.33146e-09, 0.152232, 1.01319, 0.40206, 2.27967e-09, 0.152232, 1.01319, 0.40206, 1.62932e-09, 0.152232, 1.01319, 0.40206, 1.24773e-09, 0.152232, 1.01319, 0.40206, 1.03646e-09, 0.152232, 1.01319, 0.40206, 9.25267e-10, 0.152232, 1.01319, 0.40206, 8.6631e-10, 0.152232, 1.01319, 0.40206, 8.28872e-10, 0.152232, 1.01319, 0.40206, 7.94844e-10, 0.152232, 1.01319, 0.40206, 7.54971e-10, 0.152232, 1.01319, 0.40206, 7.05888e-10, 0.152232, 1.01319, 0.40206, 6.47848e-10, 0.152232, 1.01319, 0.40206, 5.83071e-10, 0.152232, 1.01319, 0.40206, 5.14592e-10, 0.152232, 1.01319, 0.40206, 4.45517e-10, 0.152232, 1.01319, 0.40206, 3.78579e-10, 0.152232, 1.01319, 0.40206, 3.15924e-10, 0.152232, 1.01319, 0.40206, 2.59037e-10, 0.152232, 1.01319, 0.40206, 2.08781e-10, 0.152232, 1.01319, 0.40206, 1.65479e-10, 0.152232, 1.01319, 0.40206, 1.29028e-10, 0.152232, 1.01319, 0.40206, 9.90136e-11, 0.152232, 1.01319, 0.40206, 7.48192e-11, 0.152232, 1.01319, 0.40206, 5.57175e-11, 0.152232, 1.01319, 0.40206, 4.09438e-11, 0.152232, 1.01319, 0.40206, 2.97506e-11, 0.152232, 1.01319, 0.40206, 2.14447e-11, 0.152232, 1.01319, 0.40206, 1.54094e-11, 0.152232, 1.01319, 0.40206, 1.11155e-11, 0.152232, 1.01319, 0.40206, 8.12287e-12, 0.152232, 1.01319, 0.40206, 6.07661e-12, 0.152232, 1.01319, 0.40206, 4.69851e-12, 0.152232, 1.01319, 0.40206, 3.77698e-12, 0.152232, 1.01319, 0.40206, 3.15606e-12, 0.152232, 1.01319, 0.40206, 2.72473e-12, 0.152232, 1.01319, 0.40206, 2.40707e-12, 0.152232, 1.01319, 0.40206, 2.15363e-12, 0.152232, 1.01319, 0.40206, 1.93425e-12, 0.152232, 1.01319, 0.40206, 1.7322e-12, 0.152232, 1.01319, 0.40206, 1.53963e-12, 0.152232, 1.01319, 0.40206, 1.35419e-12, 0.152232, 1.01319, 0.40206, 1.17652e-12, 0.152232, 1.01319, 0.40206, 1.00864e-12, 0.152232, 1.01319, 0.40206, 8.52827e-13, 0.152232, 1.01319, 0.40206, 7.11004e-13, 0.152232, 1.01319, 0.40206, 5.84449e-13, 0.152232, 1.01319, 0.40206, 4.73696e-13, 0.152232, 1.01319, 0.40206, 3.78582e-13, 0.152232, 1.01319, 0.40206, 2.98365e-13, 0.152232, 1.01319, 0.40206, 2.31884e-13, 0.152232, 1.01319, 0.40206, 1.77707e-13, 0.152232, 1.01319, 0.40206, 1.34262e-13, 0.152232, 1.01319, 0.40206, 9.99649e-14, 0.152232, 1.01319, 0.40206, 7.32932e-14, 0.152232, 1.01319, 0.40206, 5.28468e-14, 0.152232, 1.01319, 0.40206, 3.73766e-14, 0.152232, 1.01319, 0.40206, 2.581e-14, 0.152232, 1.01319, 0.40206, 1.7224e-14, 0.152232, 1.01319, 0.40206, 1.08423e-14, 0.152232, 1.01319, 0.40206, 5.98908e-15, 0.152232, 1.01319, 0.40206, 2.05458e-15, 0.152232, 1.01319, 0.40206, -1.55244e-15, 0.152232, 1.01319, 0.40206, -5.47767e-15, 0.152232, 1.01319, 0.40206, -1.04602e-14, 0.152232, 1.01319, 0.40206, -1.74e-14, 0.152232, 1.01319, 0.40206, -2.74224e-14, 0.152232, 1.01319, 0.40206, -4.19475e-14, 0.152232, 1.01319, 0.40206, -6.27247e-14, 0.152232, 1.01319, 0.40206, -9.18686e-14, 0.152232, 1.01319, 0.40206, -1.31877e-13, 0.152232, 1.01319, 0.40206, -1.85599e-13, 0.152232, 1.01319, 0.40206, -2.5616e-13, 0.152232, 1.01319, 0.40206, -3.46813e-13, 0.152232, 1.01319, 0.40206, -4.60731e-13, 0.152232, 1.01319, 0.40206, -6.00695e-13, 0.152232, 1.01319, 0.40206, -7.6868e-13, 0.152232, 1.01319, 0.40206, -9.65378e-13, 0.152232, 1.01319, 0.40206, -1.18961e-12, 0.152232, 1.01319, 0.40206, -1.43775e-12, 0.152232, 1.01319, 0.40206, -1.70313e-12, 0.152232, 1.01319, 0.40206, -1.97566e-12, 0.152232, 1.01319, 0.40206, -2.24173e-12, 0.152232, 1.01319, 0.40206, -2.48458e-12, 0.152232, 1.01319, 0.40206, -2.68561e-12, 0.152232, 1.01319, 0.40206, -2.82671e-12, 0.152232, 1.01319, 0.40206, -2.89424e-12, 0.152232, 1.01319, 0.40206, -2.88502e-12, 0.152232, 1.01319, 0.40206, -2.81494e-12, 0.152232, 1.01319, 0.40206, -2.73046e-12, 0.152232, 1.01319, 0.40206, -2.72375e-12, 0.152232, 1.01319, 0.40206, -2.95135e-12, 0.152232, 1.01319, 0.40206, -3.65666e-12, 0.152232, 1.01319, 0.40206, -5.19561e-12, 0.152232, 1.01319, 0.40206, -8.06453e-12, 0.152232, 1.01319, 0.40206, -1.29284e-11, 0.152232, 1.01319, 0.40206, -2.06466e-11, 0.152232, 1.01319, 0.40206, -3.22926e-11, 0.152232, 1.01319, 0.40206, -4.9161e-11, 0.152232, 1.01319, 0.40206, -7.27578e-11, 0.152232, 1.01319, 0.40206, -1.04763e-10, 0.152232, 1.01319, 0.40206, -1.46958e-10, 0.152232, 1.01319, 0.40206, -2.01116e-10, 0.152232, 1.01319, 0.40206, -2.6883e-10, 0.152232, 1.01319, 0.40206, -3.51301e-10, 0.152232, 1.01319, 0.40206, -4.49065e-10, 0.152232, 1.01319, 0.40206, -5.61684e-10, 0.152232, 1.01319, 0.40206, -6.87434e-10, 0.152232, 1.01319, 0.40206, -8.23025e-10, 0.152232, 1.01319, 0.40206, -9.63456e-10, 0.152232, 1.01319, 0.40206, -1.10212e-09, 0.152232, 1.01319, 0.40206, -1.23135e-09, 0.152232, 1.01319, 0.40206, -1.34368e-09, 0.152232, 1.01319, 0.40206, -1.43422e-09, -0.010143, -0.014869, -0.0153325, -0.0126963, -0.00800289, -0.00211867, 0.00427901, 0.0106907, 0.0167721, 0.0223069, 0.0271795, 0.0313493, 0.0348293, 0.0376676, 0.0399328, 0.0417035, 0.0430596, 0.0440777, 0.0448269, 0.0453676, 0.0457507, 0.0460175, 0.0462009, 0.0463263, 0.0464125, 0.0464732, 0.0465178, 0.0465529, 0.0465824, 0.0466087, 0.0466329, 0.0466558, 