% Results file from /home/autonaut/casadi_with_cpp/autonaut/CourseController.cpp
% Generated Apr 19 2023 at 18:06:56

optims = [0.091855, 0.9821, 0.19964, 0.031876, 0.106885, 0.99071, 0.217322, 0.0282933, 0.120201, 0.997563, 0.232787, 0.0250264, 0.131965, 1.00315, 0.246319, 0.0220807, 0.142334, 1.00779, 0.25816, 0.0194464, 0.15146, 1.01171, 0.268524, 0.0171042, 0.159483, 1.01505, 0.277596, 0.0150306, 0.166531, 1.01791, 0.285538, 0.0132001, 0.17272, 1.02039, 0.292491, 0.0115876, 0.178151, 1.02255, 0.29858, 0.0101691, 0.182917, 1.02442, 0.303913, 0.00892264, 0.187099, 1.02605, 0.308584, 0.00782796, 0.190768, 1.02748, 0.312676, 0.00686705, 0.193986, 1.02873, 0.316261, 0.00602377, 0.196809, 1.02982, 0.319402, 0.00528393, 0.199285, 1.03078, 0.322155, 0.00463489, 0.201457, 1.03162, 0.324567, 0.00406555, 0.203362, 1.03235, 0.326682, 0.00356615, 0.205033, 1.03299, 0.328535, 0.0031281, 0.206499, 1.03356, 0.33016, 0.00274387, 0.207785, 1.03405, 0.331584, 0.00240685, 0.208913, 1.03449, 0.332833, 0.00211125, 0.209902, 1.03487, 0.333928, 0.00185197, 0.21077, 1.0352, 0.334888, 0.00162454, 0.211531, 1.03549, 0.33573, 0.00142506, 0.212199, 1.03575, 0.336468, 0.0012501, 0.212785, 1.03598, 0.337115, 0.00109663, 0.213299, 1.03617, 0.337683, 0.000962015, 0.21375, 1.03635, 0.33818, 0.000843941, 0.214145, 1.0365, 0.338617, 0.000740373, 0.214492, 1.03663, 0.339, 0.000649527, 0.214797, 1.03675, 0.339335, 0.00056984, 0.215064, 1.03685, 0.33963, 0.00049994, 0.215298, 1.03694, 0.339888, 0.000438625, 0.215503, 1.03702, 0.340117, 0.00038357, 0.215683, 1.03709, 0.340315, 0.00033671, 0.215841, 1.03715, 0.340489, 0.000295566, 0.215979, 1.0372, 0.340642, 0.000259442, 0.216101, 1.03725, 0.340776, 0.000227729, 0.216208, 1.03729, 0.340893, 0.000199894, 0.216302, 1.03733, 0.340996, 0.000175465, 0.216384, 1.03736, 0.341087, 0.000154027, 0.216456, 1.03738, 0.341166, 0.000135216, 0.216519, 1.03741, 0.341236, 0.000118438, 0.216575, 1.03743, 0.341297, 0.000104006, 0.216624, 1.03745, 0.34135, 9.13385e-05, 0.216666, 1.03747, 0.341397, 8.02176e-05, 0.216704, 1.03748, 0.341438, 7.04525e-05, 0.216737, 1.03749, 0.341474, 6.18797e-05, 0.216766, 1.0375, 0.341506, 5.43524e-05, 0.216792, 1.03751, 0.341534, 4.77431e-05, 0.216814, 1.03752, 0.341558, 4.19398e-05, 0.216834, 1.03753, 0.341579, 3.68437e-05, 0.216851, 1.03754, 0.341598, 3.23694e-05, 0.216866, 1.03754, 0.341615, 2.84406e-05, 0.216879, 1.03755, 0.341629, 2.4991e-05, 0.216891, 1.03755, 0.341642, 2.19092e-05, 0.216901, 1.03756, 0.341653, 1.92474e-05, 0.216911, 1.03756, 0.341663, 1.6907e-05, 0.216918, 1.03756, 0.341671, 1.4849e-05, 0.216925, 1.03757, 0.341679, 1.30379e-05, 0.216932, 1.03757, 0.341686, 1.14437e-05, 0.216937, 1.03757, 0.341692, 1.00402e-05, 0.216942, 1.03757, 0.341697, 8.80321e-06, 0.216946, 1.03757, 0.341701, 7.71244e-06, 0.216949, 1.03757, 0.341705, 6.7459e-06, 0.216952, 1.03758, 0.341709, 5.89307e-06, 0.216955, 1.03758, 0.341712, 5.13843e-06, 0.216958, 1.03758, 0.341715, 4.46989e-06, 0.21696, 1.03758, 0.341717, 3.87684e-06, 0.216961, 1.03758, 0.341719, 3.34936e-06, 0.216963, 1.03758, 0.341721, 2.88041e-06, 0.216964, 1.03758, 0.341723, 2.46309e-06, 0.216966, 1.03758, 0.341724, 2.08856e-06, 0.216966, 1.03758, 0.341725, 1.75402e-06, 0.216967, 1.03758, 0.341727, 1.45361e-06, 0.216968, 1.03758, 0.341728, 1.18379e-06, 0.216968, 1.03758, 0.341729, 9.40811e-07, 0.216969, 1.03758, 0.34173, 7.23107e-07, 0.216969, 1.03758, 0.34173, 5.2575e-07, 0.216969, 1.03758, 0.341731, 3.46483e-07, 0.21697, 1.03758, 0.341732, 1.84486e-07, 0.21697, 1.03758, 0.341732, 3.20427e-08, 0.21697, 1.03758, 0.341733, -1.06511e-07, 0.216969, 1.03758, 0.341733, -2.32904e-07, 0.216969, 1.03758, 0.341734, -3.53755e-07, 0.216969, 1.03758, 0.341734, -4.65365e-07, 0.216969, 1.03758, 0.341735, -5.69491e-07, 0.216969, 1.03758, 0.341735, -6.65108e-07, 0.216968, 1.03758, 0.341735, -7.52401e-07, 0.216968, 1.03758, 0.341736, -8.4047e-07, 0.216967, 1.03758, 0.341736, -9.2027e-07, 0.216967, 1.03758, 0.341736, -9.94247e-07, 0.216966, 1.03758, 0.341736, -1.07325e-06, 0.216966, 1.03758, 0.341737, -1.14315e-06, 0.216965, 1.03758, 0.341737, -1.20656e-06, 0.216965, 1.03758, 0.341737, -1.26368e-06, 0.216964, 1.03758, 0.341737, -1.31554e-06, 0.216963, 1.03758, 0.341738, -1.36244e-06, 0.216963, 1.03758, 0.341738, -1.40568e-06, 0.216962, 1.03758, 0.341738, -1.44406e-06, 0.216961, 1.03758, 0.341738, -1.47492e-06, 0.21696, 1.03758, 0.341738, -1.49873e-06, 0.21696, 1.03758, 0.341739, -1.51291e-06, 0.216959, 1.03758, 0.341739, -1.52657e-06, 0.216958, 1.03758, 0.341739, -1.54951e-06, 0.216957, 1.03758, 0.341739, -1.574e-06, 0.216957, 1.03758, 0.341739, -1.60015e-06, 0.216956, 1.03758, 0.341739, -1.62383e-06, 0.216955, 1.03758, 0.341739, -1.64063e-06, 0.216954, 1.03758, 0.341739, -1.64998e-06, 0.216953, 1.03758, 0.34174, -1.65937e-06, 0.216952, 1.03758, 0.34174, -1.66744e-06, 0.216952, 1.03758, 0.34174, -1.66953e-06, 0.216951, 1.03758, 0.34174, -1.66718e-06, 0.21695, 1.03757, 0.34174, -1.65516e-06, 0.216949, 1.03757, 0.34174, -1.63183e-06, 0.216948, 1.03757, 0.34174, -1.60116e-06, 0.216948, 1.03757, 0.34174, -1.56367e-06, 0.216947, 1.03757, 0.34174, -1.51596e-06, 0.216946, 1.03757, 0.34174, -1.46139e-06, 0.216945, 1.03757, 0.34174, -1.40724e-06, 0.216945, 1.03757, 0.34174, -1.35258e-06, 0.216944, 1.03757, 0.34174, -1.29492e-06, 0.216943, 1.03757, 0.34174, -1.23399e-06, 0.216943, 1.03757, 0.341739, -1.16705e-06, 0.216942, 1.03757, 0.341739, -1.09581e-06, 0.216942, 1.03757, 0.341739, -1.02164e-06, 0.216941, 1.03757, 0.341739, -9.46486e-07, 0.216941, 1.03757, 0.341739, -8.74887e-07, 0.21694, 1.03757, 0.341739, -8.08833e-07, 0.21694, 1.03757, 0.341739, -7.44291e-07, 0.21694, 1.03757, 0.341738, -6.81529e-07, 0.216939, 1.03757, 0.341738, -6.16807e-07, 0.216939, 1.03757, 0.341738, -5.54553e-07, 0.216939, 1.03757, 0.341738, -4.95803e-07, 0.216938, 1.03757, 0.341738, -4.41483e-07, 0.216938, 1.03757, 0.341738, -3.89665e-07, 0.216938, 1.03757, 0.341738, -3.39296e-07, 0.216938, 1.03757, 0.341737, -2.8892e-07, 0.216938, 1.03757, 0.341737, -2.3999e-07, 0.216938, 1.03757, 0.341737, -1.92999e-07, 0.216938, 1.03757, 0.341737, -1.49392e-07, 0.216937, 1.03757, 0.341737, -1.08351e-07, 0.216937, 1.03757, 0.341737, -6.9271e-08, 0.216937, 1.03757, 0.341737, -3.33165e-08, 0.216937, 1.03757, 0.341737, -5.60522e-10, 0.216937, 1.03757, 0.341736, 2.97006e-08, 0.216937, 1.03757, 0.341736, 5.71498e-08, 0.216937, 1.03757, 0.341736, 8.07345e-08, 0.216938, 1.03757, 0.341736, 9.95621e-08, 0.216938, 1.03757, 0.341736, 1.13918e-07, 0.216938, 1.03757, 0.341736, 1.24603e-07, 0.216938, 1.03757, 0.341736, 1.32604e-07, 0.216938, 1.03757, 0.341736, 1.39033e-07, 0.216938, 1.03757, 0.341736, 1.44276e-07, 0.216938, 1.03757, 0.341736, 1.4802e-07, 0.216938, 1.03757, 0.341736, 1.49198e-07, 0.216938, 1.03757, 0.341736, 1.47577e-07, 0.216938, 1.03757, 0.341736, 1.43036e-07, 0.216938, 1.03757, 0.341736, 1.36153e-07, 0.216938, 1.03757, 0.341736, 1.27219e-07, 0.216938, 1.03757, 0.341736, 1.16527e-07, 0.216938, 1.03757, 0.341736, 1.05331e-07, 0.216938, 1.03757, 0.341736, 9.41239e-08, 0.216938, 1.03757, 0.341736, 8.32486e-08, 0.216939, 1.03757, 0.341736, 7.30213e-08, 0.216939, 1.03757, 0.341736, 6.35212e-08, 0.216939, 1.03757, 0.341736, 5.49526e-08, 0.216939, 1.03757, 0.341736, 4.72697e-08, 0.216939, 1.03757, 0.341736, 4.05017e-08, 0.216939, 1.03757, 0.341736, 3.46224e-08, 0.216939, 1.03757, 0.341736, 2.95877e-08, 0.216939, 1.03757, 0.341736, 2.53161e-08, 0.216939, 1.03757, 0.341736, 2.17382e-08, 0.216939, 1.03757, 0.341736, 1.87308e-08, 0.216939, 1.03757, 0.341736, 1.62116e-08, 0.216939, 1.03757, 0.341736, 1.40855e-08, 0.216939, 1.03757, 0.341736, 1.22721e-08, 0.216939, 1.03757, 0.341736, 1.07133e-08, 0.216939, 1.03757, 0.341736, 9.36556e-09, 3.56688e-06, 3.53469e-06, 3.51833e-06, 3.49379e-06, 3.47575e-06, 3.47781e-06, 3.45989e-06, 3.44989e-06, 3.4328e-06, 3.41058e-06, 3.39509e-06, 3.37728e-06, 2.97548e-06, 3.3489e-06, 3.36375e-06, 3.37266e-06, 3.37688e-06, 3.37239e-06, 3.35624e-06, 3.33959e-06, 3.31449e-06, 3.30691e-06, 3.16205e-06, 