% Results file from /home/autonaut/casadi_with_cpp/autonaut/CourseController.cpp
% Generated Apr 19 2023 at 17:55:12

optims = [0.091855, 0.9821, 0.19964, 0.031876, 0.106859, 0.990712, 0.217474, 0.0281974, 0.120093, 0.997548, 0.233172, 0.0247994, 0.131707, 1.00309, 0.246976, 0.0217169, 0.14186, 1.00766, 0.259105, 0.0189524, 0.150708, 1.01148, 0.269761, 0.0164915, 0.158396, 1.01469, 0.27912, 0.0143108, 0.165059, 1.01742, 0.287342, 0.0123841, 0.170817, 1.01974, 0.294566, 0.0106848, 0.175777, 1.02171, 0.300916, 0.00918756, 0.180033, 1.0234, 0.3065, 0.00786909, 0.183671, 1.02482, 0.311412, 0.00670843, 0.186764, 1.02604, 0.315735, 0.00568688, 0.189377, 1.02706, 0.319541, 0.00478789, 0.191569, 1.02791, 0.322894, 0.00399686, 0.193389, 1.02862, 0.325848, 0.00330096, 0.194883, 1.02921, 0.328453, 0.00268891, 0.19609, 1.02968, 0.330749, 0.00215078, 0.197045, 1.03006, 0.332775, 0.00167783, 0.197777, 1.03035, 0.334563, 0.0012624, 0.198315, 1.03056, 0.336142, 0.000897705, 0.198682, 1.03071, 0.337535, 0.000577797, 0.1989, 1.0308, 0.338766, 0.000297413, 0.198985, 1.03085, 0.339854, 5.19124e-05, 0.198957, 1.03084, 0.340815, -0.000162802, 0.198827, 1.0308, 0.341664, -0.000350352, 0.19861, 1.03073, 0.342415, -0.000513937, 0.198317, 1.03062, 0.34308, -0.000656387, 0.197957, 1.03049, 0.343667, -0.000780205, 0.19754, 1.03034, 0.344187, -0.000887605, 0.197072, 1.03017, 0.344648, -0.000980547, 0.196561, 1.02998, 0.345056, -0.00106076, 0.196013, 1.02978, 0.345417, -0.00112979, 0.195433, 1.02956, 0.345738, -0.00118898, 0.194826, 1.02934, 0.346022, -0.00123954, 0.194195, 1.0291, 0.346275, -0.00128253, 0.193545, 1.02886, 0.346499, -0.00131889, 0.192878, 1.02861, 0.346699, -0.00134944, 0.192197, 1.02836, 0.346877, -0.00137494, 0.191504, 1.0281, 0.347036, -0.00139601, 0.190801, 1.02784, 0.347179, -0.00141324, 0.190091, 1.02757, 0.347306, -0.00142713, 0.189375, 1.0273, 0.347421, -0.00143812, 0.188654, 1.02703, 0.347524, -0.00144661, 0.187929, 1.02676, 0.347617, -0.00145295, 0.187201, 1.02649, 0.347702, -0.00145743, 0.186472, 1.02622, 0.347779, -0.00146033, 0.185741, 1.02594, 0.347849, -0.00146188, 0.18501, 1.02567, 0.347914, -0.00146229, 0.18428, 1.02539, 0.347973, -0.00146173, 0.183549, 1.02512, 0.348029, -0.00146037, 0.182819, 1.02485, 0.34808, -0.00145833, 0.182091, 1.02457, 0.348129, -0.00145576, 0.181364, 1.0243, 0.348174, -0.00145274, 0.180638, 1.02403, 0.348217, -0.00144938, 0.179915, 1.02376, 0.348258, -0.00144575, 0.179193, 1.02348, 0.348298, -0.00144192, 0.178473, 1.02321, 0.348336, -0.00143795, 0.177755, 1.02294, 0.348373, -0.0014339, 0.177039, 1.02268, 0.348408, -0.00142981, 0.176325, 1.02241, 0.348443, -0.00142572, 0.175614, 1.02214, 0.348477, -0.00142167, 0.174904, 1.02187, 0.348511, -0.00141769, 0.174196, 1.02161, 0.348545, -0.0014138, 0.17349, 1.02134, 0.348578, -0.00141002, 0.172786, 1.02108, 0.348611, -0.00140637, 0.172084, 1.02081, 0.348643, -0.00140288, 0.171383, 1.02055, 0.348676, -0.00139954, 0.170684, 1.02029, 0.348709, -0.00139638, 0.169987, 1.02002, 0.348742, -0.0013934, 0.169291, 1.01976, 0.348775, -0.00139061, 0.168596, 1.0195, 0.348808, -0.00138802, 0.167903, 1.01924, 0.348842, -0.00138562, 0.167211, 1.01898, 0.348876, -0.00138342, 0.166519, 1.01872, 0.34891, -0.00138142, 0.165829, 1.01846, 0.348944, -0.00137961, 0.16514, 1.0182, 0.348978, -0.00137799, 0.164451, 1.01794, 0.349013, -0.00137656, 0.163763, 1.01768, 0.349048, -0.00137531, 0.163076, 1.01742, 0.349084, -0.00137422, 0.162389, 1.01716, 0.349119, -0.00137329, 0.161702, 1.0169, 0.349155, -0.0013725, 0.161016, 1.01664, 0.349191, -0.00137184, 0.160331, 1.01639, 0.349227, -0.00137129, 0.159645, 1.01613, 0.349264, -0.00137083, 0.15896, 1.01587, 0.3493, -0.00137045, 0.158275, 1.01561, 0.349337, -0.00137013, 0.15759, 1.01535, 0.349373, -0.00136986, 0.156905, 1.01509, 0.34941, -0.00136961, 0.15622, 1.01484, 0.349447, -0.00136937, 0.155535, 1.01458, 0.349483, -0.00136915, -0.00119783, -0.00199405, -0.00253969, -0.0029296, -0.00322257, -0.00345456, -0.00364717, -0.00381316, -0.00395985, -0.00409135, -0.00420987, -0.00431659, -0.00441215, -0.00449695, -0.00457129, -0.00463551, -0.00468999, -0.00473517, -0.00477156, -0.00479972, -0.00482023, -0.00483372, -0.00484081, -0.00484211, -0.00483825, -0.00482981, -0.00481734, -0.0048014, -0.00478246, -0.004761, -0.00473744, -0.00471218, -0.00468555, -0.0046579, -0.0046295, -0.0046006, -0.00457144, -0.0045422, -0.00451306, -0.00448418, -0.00445567, -0.00442764, -0.00440018, -0.00437337, -0.00434727, -0.00432193, -0.00429738, -0.00427366, -0.00425078, -0.00422876, -0.00420761, -0.00418734, -0.00416794, -0.00414941, -0.00413176, -0.00411497, -0.00409904, -0.00408396, -0.00406973, -0.00405633, -0.00404376, -0.00403201, -0.00402106, -0.00401092, -0.00400157, -0.003993, -0.0039852, -0.00397815, -0.00397183, -0.00396624, -0.00396134, -0.00395712, -0.00395354, -0.00395058, -0.0039482, -0.00394636, -0.00394502, -0.00394412, -0.0039436, -0.00394342, -0.00394351, -0.00394381, -0.00394424, -0.00394474, -0.00394525, -0.00394571, -0.00394607, -0.0039463, -0.00394639, -0.00394639];
