% Results file from /home/autonaut/casadi_with_cpp/autonaut/CourseController.cpp
% Generated Apr 19 2023 at 17:55:12

optims = [0.091855, 0.9821, 0.19964, 0.031876, 0.106885, 0.99071, 0.217323, 0.028293, 0.120201, 0.997563, 0.232788, 0.0250259, 0.131964, 1.00315, 0.24632, 0.0220801, 0.142333, 1.00779, 0.258161, 0.0194456, 0.151459, 1.01171, 0.268526, 0.0171034, 0.159481, 1.01505, 0.277598, 0.0150297, 0.166529, 1.01791, 0.28554, 0.0131992, 0.172717, 1.02039, 0.292494, 0.0115866, 0.178148, 1.02254, 0.298583, 0.0101681, 0.182914, 1.02442, 0.303916, 0.00892162, 0.187095, 1.02605, 0.308587, 0.00782693, 0.190763, 1.02748, 0.312679, 0.00686599, 0.193981, 1.02873, 0.316264, 0.00602272, 0.196803, 1.02982, 0.319405, 0.00528286, 0.199278, 1.03078, 0.322158, 0.0046338, 0.20145, 1.03161, 0.324571, 0.00406444, 0.203355, 1.03235, 0.326685, 0.00356502, 0.205025, 1.03299, 0.328539, 0.00312697, 0.206491, 1.03356, 0.330163, 0.00274273, 0.207776, 1.03405, 0.331588, 0.00240571, 0.208903, 1.03448, 0.332837, 0.0021101, 0.209892, 1.03486, 0.333932, 0.00185082, 0.210759, 1.0352, 0.334892, 0.0016234, 0.21152, 1.03549, 0.335733, 0.00142392, 0.212187, 1.03575, 0.336472, 0.00124895, 0.212772, 1.03597, 0.337119, 0.00109548, 0.213286, 1.03617, 0.337687, 0.000960871, 0.213736, 1.03634, 0.338184, 0.0008428, 0.214131, 1.03649, 0.338621, 0.000739237, 0.214477, 1.03663, 0.339004, 0.000648399, 0.214781, 1.03674, 0.33934, 0.000568724, 0.215048, 1.03684, 0.339634, 0.000498837, 0.215282, 1.03693, 0.339892, 0.000437538, 0.215487, 1.03701, 0.340119, 0.000383772, 0.215666, 1.03708, 0.340318, 0.00033661, 0.215824, 1.03714, 0.340492, 0.000295244, 0.215963, 1.0372, 0.340645, 0.000258961, 0.216084, 1.03724, 0.340779, 0.000227135, 0.21619, 1.03728, 0.340896, 0.000199222, 0.216284, 1.03732, 0.341, 0.000174737, 0.216366, 1.03735, 0.34109, 0.000153261, 0.216437, 1.03738, 0.341169, 0.000134424, 0.2165, 1.0374, 0.341239, 0.000117902, 0.216556, 1.03742, 0.3413, 0.000103411, 0.216604, 1.03744, 0.341353, 9.06996e-05, 0.216647, 1.03746, 0.3414, 7.95519e-05, 0.216684, 1.03747, 0.341442, 6.97727e-05, 0.216717, 1.03749, 0.341478, 6.11956e-05, 0.216745, 1.0375, 0.341509, 5.36727e-05, 0.21677, 1.03751, 0.341537, 4.70747e-05, 0.216792, 1.03751, 0.341561, 4.12878e-05, 0.216812, 1.03752, 0.341583, 3.62126e-05, 0.216829, 1.03753, 0.341602, 3.17615e-05, 0.216844, 1.03753, 0.341618, 2.7858e-05, 0.216857, 1.03754, 0.341632, 2.44348e-05, 0.216868, 1.03754, 0.341645, 2.1433e-05, 0.216878, 1.03755, 0.341656, 1.88006e-05, 0.216887, 1.03755, 0.341666, 1.64922e-05, 0.216895, 1.03755, 0.341674, 1.44683e-05, 0.216902, 1.03756, 0.341682, 1.26935e-05, 0.216907, 1.03756, 0.341689, 1.11376e-05, 0.216913, 1.03756, 0.341694, 9.77331e-06, 0.216917, 1.03756, 0.341699, 8.57743e-06, 0.216921, 1.03756, 0.341704, 7.529e-06, 0.216925, 1.03757, 0.341708, 6.61019e-06, 0.216928, 1.03757, 0.341711, 5.80312e-06, 0.216931, 1.03757, 0.341714, 5.09599e-06, 0.216933, 1.03757, 0.341717, 4.47572e-06, 0.216935, 1.03757, 0.341719, 3.93181e-06, 0.216937, 1.03757, 0.341721, 3.45496e-06, 0.216939, 1.03757, 0.341723, 3.03712e-06, 0.21694, 1.03757, 0.341724, 2.67148e-06, 0.216941, 1.03757, 0.341726, 2.35598e-06, 0.216942, 1.03757, 0.341727, 2.07372e-06, 0.216943, 1.03757, 0.341728, 1.84623e-06, 0.216944, 1.03757, 0.341728, 1.83821e-06, 0.216945, 1.03757, 0.341729, 1.58154e-06, 0.216946, 1.03757, 0.34173, 1.53936e-06, 0.216947, 1.03757, 0.34173, 1.30929e-06, 0.216947, 1.03757, 0.341731, 1.12339e-06, 0.216948, 1.03757, 0.341731, 9.75916e-07, 0.216948, 1.03757, 0.341732, 8.45993e-07, 0.216949, 1.03757, 0.341732, 7.36452e-07, 0.216949, 1.03757, 0.341733, 6.43099e-07, 0.216949, 1.03757, 0.341733, 5.62694e-07, 0.21695, 1.03757, 0.341733, 4.92923e-07, 0.21695, 1.03757, 0.341733, 4.32035e-07, 0.21695, 1.03757, 0.341734, 3.78688e-07, 0.21695, 1.03757, 0.341734, 3.31627e-07, 0.21695, 1.03757, 0.341734, 2.90094e-07, 0.21695, 1.03757, 0.341734, 2.53515e-07, 0.216951, 1.03757, 0.341734, 2.21368e-07, 0.216951, 1.03757, 0.341734, 1.93294e-07, 0.216951, 1.03758, 0.341735, 1.6919e-07, 0.216951, 1.03758, 0.341735, 1.45813e-07, 0.216951, 1.03758, 0.341735, 1.27951e-07, 0.216951, 1.03758, 0.341735, 1.12051e-07, 0.216951, 1.03758, 0.341735, 9.79545e-08, 0.216951, 1.03758, 0.341735, 8.54689e-08, 0.216951, 1.03758, 0.341735, 7.43488e-08, 0.216951, 1.03758, 0.341735, 6.44681e-08, 0.216951, 1.03758, 0.341735, 5.5694e-08, 0.216951, 1.03758, 0.341735, 4.79356e-08, 0.216951, 1.03758, 0.341735, 4.10957e-08, 0.216951, 1.03758, 0.341735, 3.51261e-08, 0.216951, 1.03758, 0.341735, 3.0056e-08, 0.216951, 1.03758, 0.341735, 2.57769e-08, 0.216951, 1.03758, 0.341735, 2.21983e-08, 0.216951, 1.03758, 0.341735, 1.91791e-08, 0.216951, 1.03758, 0.341735, 1.66198e-08, 0.216951, 1.03758, 0.341735, 1.44492e-08, 0.216951, 1.03758, 0.341735, 1.25999e-08, 0.216951, 1.03758, 0.341735, 1.10289e-08, 0.216951, 1.03758, 0.341735, 9.71085e-09, 0.216951, 1.03758, 0.341735, 8.57507e-09, 0.216951, 1.03758, 0.341735, 7.49576e-09, 0.216951, 1.03758, 0.341735, 6.42233e-09, 0.216951, 1.03758, 0.341735, 5.3262e-09, 0.216951, 1.03758, 0.341735, 4.17799e-09, 0.216951, 1.03758, 0.341735, 2.99514e-09, 0.216951, 1.03758, 0.341735, 1.79136e-09, 0.216951, 1.03758, 0.341735, 4.73202e-10, 0.216951, 1.03758, 0.341735, -9.63155e-10, 0.216951, 1.03758, 0.341735, -2.51506e-09, 0.216951, 1.03758, 0.341735, -4.18012e-09, 0.216951, 1.03758, 0.341735, -5.94988e-09, 0.216951, 1.03758, 0.341735, -7.82342e-09, 0.216951, 1.03758, 0.341735, -9.80038e-09, 0.216951, 1.03758, 0.341735, -1.18742e-08, 0.216951, 1.03758, 0.341735, -1.40319e-08, 0.216951, 1.03758, 0.341735, -1.62468e-08, 0.216951, 1.03758, 0.341735, -1.84821e-08, 0.216951, 1.03758, 0.341735, -2.06967e-08, 0.216951, 1.03758, 0.341735, -2.28417e-08, 0.216951, 1.03758, 0.341735, -2.48641e-08, 0.216951, 1.03758, 0.341735, -2.67177e-08, 0.216951, 1.03758, 0.341735, -2.83605e-08, 0.216951, 1.03758, 0.341735, -2.97717e-08, 0.216951, 1.03758, 0.341735, -3.09432e-08, 0.216951, 1.03758, 0.341735, -3.18603e-08, 0.216951, 1.03758, 0.341735, -3.25008e-08, 0.216951, 1.03758, 0.341735, -3.28882e-08, 0.216951, 1.03758, 0.341735, -3.30174e-08, 0.216951, 1.03758, 0.341735, -3.29209e-08, 0.216951, 1.03758, 0.341735, -3.25998e-08, 0.216951, 1.03758, 0.341735, -3.21008e-08, 0.216951, 1.03758, 0.341735, -3.1439e-08, 0.216951, 1.03758, 0.341735, -3.06203e-08, 0.216951, 1.03758, 0.341735, -2.9638e-08, 0.216951, 1.03758, 0.341735, -2.84994e-08, 0.216951, 1.03758, 0.341735, -2.72132e-08, 0.216951, 1.03758, 0.341735, -2.58091e-08, 0.216951, 1.03758, 0.341735, -2.43191e-08, 0.216951, 1.03758, 0.341735, -2.27681e-08, 0.216951, 1.03758, 0.341735, -2.11527e-08, 0.216951, 1.03758, 0.341735, -1.95105e-08, 0.216951, 1.03758, 0.341735, -1.78633e-08, 0.216951, 1.03758, 0.341735, -1.6228e-08, 0.216951, 1.03758, 0.341735, -1.46254e-08, 0.216951, 1.03758, 0.341735, -1.3069e-08, 0.216951, 1.03758, 0.341735, -1.15801e-08, 0.216951, 1.03758, 0.341735, -1.0169e-08, 0.216951, 1.03758, 0.341735, -8.8606e-09, 0.216951, 1.03758, 0.341735, -7.67405e-09, 0.216951, 1.03758, 0.341735, -6.62377e-09, 0.216951, 1.03758, 0.341735, -5.709e-09, 0.216951, 1.03758, 0.341735, -4.92347e-09, 0.216951, 1.03758, 0.341735, -4.25369e-09, 0.216951, 1.03758, 0.341735, -3.68075e-09, 0.216951, 1.03758, 0.341735, -3.18708e-09, 0.216951, 1.03758, 0.341735, -2.7617e-09, 0.216951, 1.03758, 0.341735, -2.39635e-09, 0.216951, 1.03758, 0.341735, -2.08352e-09, 0.216951, 1.03758, 0.341735, -1.81542e-09, 0.216951, 1.03758, 0.341735, -1.58489e-09, 0.216951, 1.03758, 0.341735, -1.38555e-09, 0.216951, 1.03758, 0.341735, -1.21246e-09, 0.216951, 1.03758, 0.341735, -1.06173e-09, 0.216951, 1.03758, 0.341735, -9.30196e-10, 0.216951, 1.03758, 0.341735, -8.15233e-10, -6.60002e-08, -6.68568e-08, -6.69821e-08, -7.22105e-08, -7.34323e-08, -6.95098e-08, 3.70578e-08, -7.82981e-09, -7.89282e-08, -7.60878e-08, 6.00056e-08, -7.98029e-08, -8.53979e-08, -8.55929e-08, -8.61231e-08, -8.64858e-08, -8.7325e-08, -6.68517e-08, -4.63301e-08, -9.52356e-08, -9.44997e-08, -7.0837e-08, 