% Results file from /casadi_with_cpp/autonaut/solver_gen.cpp
% Generated Apr 19 2023 at 12:38:20

optims = [0.091855, 0.9821, 0.19964, 0.031876, 0.102758, 0.988494, 0.240926, 0.0134779, 0.105884, 0.989907, 0.276015, 0.00029348, 0.103548, 0.988203, 0.304942, -0.00874755, 0.0975697, 0.984917, 0.328085, -0.0145774, 0.0893406, 0.981078, 0.346031, -0.0179823, 0.0798985, 0.977276, 0.359459, -0.0196021, 0.069998, 0.973792, 0.369064, -0.0199424, 0.0601718, 0.970724, 0.375509, -0.0193933, 0.0507834, 0.968073, 0.379397, -0.0182515, 0.0420679, 0.965793, 0.381263, -0.0167399, 0.0341645, 0.96383, 0.381574, -0.015025, 0.0271414, 0.962134, 0.380725, -0.0132292, 0.0210143, 0.960663, 0.379049, -0.0114417, 0.0157619, 0.959387, 0.376821, -0.00972561, 0.0113367, 0.958286, 0.374263, -0.00812373, 0.00767405, 0.957343, 0.37155, -0.00666308, 0.00469934, 0.956548, 0.368817, -0.00535833, 0.00233312, 0.955889, 0.366165, -0.00421467, 0.000495342, 0.955355, 0.363664, -0.00323017, -0.000891671, 0.954935, 0.361364, -0.00239769, -0.00190103, 0.954618, 0.35929, -0.00170651, -0.00259987, 0.95439, 0.357456, -0.00114366, -0.0030485, 0.954237, 0.355863, -0.000694939, -0.00330001, 0.954149, 0.354501, -0.000345784, -0.00340028, 0.954111, 0.353357, -8.18707e-05, -0.00338822, 0.954112, 0.352412, 0.000110417, -0.0032962, 0.954143, 0.351647, 0.000243671, -0.00315063, 0.954195, 0.351038, 0.000329268, -0.00297259, 0.95426, 0.350566, 0.000377267, -0.00277848, 0.954331, 0.350209, 0.00039639, -0.00258073, 0.954405, 0.349948, 0.00039405, -0.00238835, 0.954478, 0.349766, 0.000376426, -0.00220762, 0.954548, 0.349647, 0.000348566, -0.00204255, 0.954611, 0.349578, 0.000314501, -0.00189537, 0.954669, 0.349547, 0.000277373, -0.00176696, 0.954719, 0.349544, 0.000239555, -0.00165719, 0.954762, 0.349561, 0.000202776, -0.00156522, 0.954798, 0.349592, 0.000168234, -0.00148971, 0.954829, 0.349631, 0.000136693, -0.00142903, 0.954853, 0.349674, 0.00010858, -0.00138144, 0.954872, 0.349719, 8.40615e-05, -0.00134514, 0.954887, 0.349762, 6.31107e-05, -0.00131839, 0.954898, 0.349803, 4.55631e-05, -0.00129955, 0.954906, 0.349841, 3.11629e-05, -0.00128714, 0.954911, 0.349874, 1.95991e-05, -0.00127982, 0.954914, 0.349903, 1.0534e-05, -0.00127645, 0.954916, 0.349928, 3.62443e-06, -0.00127604, 0.954916, 0.349949, -1.46272e-06, -0.00127776, 0.954916, 0.349966, -5.03977e-06, -0.00128093, 0.954915, 0.349979, -7.39152e-06, -0.00128501, 0.954914, 0.34999, -8.77148e-06, -0.00128957, 0.954912, 0.349998, -9.40047e-06, -0.00129429, 0.95491, 0.350004, -9.46695e-06, -0.00129894, 0.954908, 0.350008, -9.12856e-06, -0.00130334, 0.954907, 0.35001, -8.51452e-06, -0.00130738, 0.954905, 0.350012, -7.72842e-06, -0.00131101, 0.954904, 0.350012, -6.85135e-06, -0.00131419, 0.954903, 0.350012, -5.94499e-06, -0.00131692, 0.954902, 0.350012, -5.05463e-06, -0.00131921, 0.954901, 0.350011, -4.212e-06, -0.00132111, 0.9549, 0.35001, -3.43783e-06, -0.00132264, 0.954899, 0.350008, -2.74416e-06, -0.00132384, 0.954899, 0.350007, -2.13632e-06, -0.00132477, 0.954898, 0.350006, -1.61459e-06, -0.00132546, 0.954898, 0.350005, -1.17567e-06, -0.00132595, 0.954898, 0.350004, -8.13805e-07, -0.00132627, 0.954898, 0.350003, -5.21735e-07, -0.00132647, 0.954898, 0.350003, -2.91394e-07, -0.00132657, 0.954898, 0.350002, -1.14479e-07, -0.00132659, 0.954898, 0.350001, 1.71491e-08, -0.00132655, 0.954898, 0.350001, 1.11188e-07, -0.00132648, 0.954898, 0.350001, 1.74706e-07, -0.00132638, 0.954898, 0.35, 2.14039e-07, -0.00132627, 0.954898, 0.35, 2.34742e-07, -0.00132615, 0.954898, 0.35, 2.41585e-07, -0.00132603, 0.954898, 0.35, 2.38587e-07, -0.00132591, 0.954898, 0.35, 2.2906e-07, -0.0013258, 0.954898, 0.35, 2.15671e-07, -0.0013257, 0.954898, 0.35, 2.00512e-07, -0.0013256, 0.954898, 0.35, 1.85169e-07, -0.00132551, 0.954898, 0.35, 1.70783e-07, -0.00132543, 0.954898, 0.35, 1.58116e-07, -0.00132536, 0.954898, 0.35, 1.47602e-07, -0.00132528, 0.954898, 0.35, 1.39403e-07, -0.00132522, 0.954898, 0.35, 1.3345e-07, -0.00132515, 0.954898, 0.35, 1.29487e-07, -0.00132509, 0.954898, 0.35, 1.27121e-07, -0.00132502, 0.954898, 0.35, 1.25875e-07, -0.00132496, 0.954898, 0.35, 1.25267e-07, -0.0013249, 0.954898, 0.35, 1.24917e-07, -0.106867, -0.176973, -0.218732, -0.239266, -0.244362, -0.238585, -0.225468, -0.207699, -0.187297, -0.165761, -0.144184, -0.123344, -0.103777, -0.0858254, -0.0696872, -0.0554446, -0.0430939, -0.0325672, -0.0237512, -0.0165026, -0.0106602, -0.00605541, -0.00251954, 0.000109825, 0.00198481, 0.00324436, 0.00401262, 0.00439825, 0.00449451, 0.00437988, 0.0041191, 0.00376445, 0.00335715, 0.00292883, 0.00250297, 0.00209627, 0.00171988, 0.00138053, 0.00108152, 0.000823563, 0.000605489, 0.000424833, 0.000278304, 0.000162155, 7.24683e-05, 5.36305e-06, -4.28575e-05, -7.56066e-05, -9.59559e-05, -0.000106607, -0.000109888, -0.000107764, -0.00010186, -9.34924e-05, -8.37035e-05, -7.32964e-05, -6.28706e-05, -5.28559e-05, -4.35428e-05, -3.51105e-05, -2.76513e-05, -2.11916e-05, -1.57093e-05, -1.1149e-05, -7.4331e-06, -4.4717e-06, -2.16951e-06, -4.3128e-07, 8.34388e-07, 1.71246e-06, 2.27987e-06, 2.60474e-06, 2.74612e-06, 2.75418e-06, 2.67074e-06, 2.52987e-06, 2.35867e-06, 2.17811e-06, 2.00374e-06, 1.84646e-06, 1.71316e-06, 1.60734e-06, 1.52962e-06, 1.47817e-06, 1.44921e-06, 1.43746e-06, 1.4367e-06, 1.44058e-06, 1.44376e-06, 1.44377e-06];
