% Results file from /casadi_with_cpp/autonaut/solver_gen.cpp
% Generated Apr 19 2023 at 12:26:51

optims = [0.091855, 0.9821, 0.19964, 0.031876, 0.10351, 0.971322, 0.165955, 0.0160685, 0.107898, 0.962488, 0.144246, 0.00264165, 0.106396, 0.955145, 0.129675, -0.00773626, 0.10052, 0.949502, 0.119152, -0.0151142, 0.0916723, 0.945709, 0.110748, -0.019858, 0.0810434, 0.943682, 0.103297, -0.022438, 0.0695879, 0.943143, 0.0961337, -0.023322, 0.0580389, 0.943715, 0.0889129, -0.0229299, 0.0469364, 0.945002, 0.0814993, -0.0216204, 0.0366571, 0.946649, 0.0738915, -0.0196925, 0.0274433, 0.948379, 0.0661702, -0.0173913, 0.0194278, 0.949996, 0.0584617, -0.014914, 0.0126561, 0.951386, 0.05091, -0.012416, 0.00710683, 0.952502, 0.0436565, -0.0100145, 0.00270889, 0.953343, 0.0368263, -0.00779297, -0.000642459, 0.95394, 0.0305193, -0.00580571, -0.00307238, 0.954338, 0.0248062, -0.00408221, -0.00471535, 0.954588, 0.0197281, -0.00263197, -0.0057064, 0.954733, 0.015299, -0.00144914, -0.00617462, 0.954811, 0.0115092, -0.000516835, -0.0062387, 0.95485, 0.00833002, 0.000189105, -0.00600409, 0.95487, 0.00571862, 0.000696972, -0.00556165, 0.954884, 0.00362251, 0.00103669, -0.00498734, 0.954897, 0.00198358, 0.00123795, -0.00434271, 0.954914, 0.000741493, 0.00132881, -0.00367597, 0.954934, -0.000163521, 0.00133487, -0.00302333, 0.954957, -0.000788594, 0.00127871, -0.00241059, 0.954981, -0.00118669, 0.00117968, -0.00185478, 0.955006, -0.00140564, 0.00105386, -0.00136575, 0.955029, -0.00148755, 0.000914223, -0.00094763, 0.95505, -0.00146866, 0.000770854, -0.00060021, 0.955069, -0.0013794, 0.000631297, -0.000320119, 0.955085, -0.0012447, 0.000500878, -0.000101829, 0.955098, -0.00108446, 0.000383067, 6.15059e-05, 0.955108, -0.000914043, 0.000279818, 0.000177382, 0.955117, -0.000744877, 0.000191889, 0.000253427, 0.955123, -0.000585055, 0.000119137, 0.000297014, 0.955127, -0.000439896, 6.07596e-05, 0.000314998, 0.95513, -0.000312492, 1.55186e-05, 0.000313538, 0.955132, -0.000204189, -1.80906e-05, 0.000298008, 0.955133, -0.000115022, -4.16953e-05, 0.000272962, 0.955134, -4.40829e-05, -5.69388e-05, 0.000242151, 0.955134, 1.01703e-05, -6.54002e-05, 0.000208567, 0.955133, 4.96595e-05, -6.85396e-05, 0.000174515, 0.955132, 7.64888e-05, -6.7664e-05, 0.000141691, 0.955132, 9.27925e-05, -6.39083e-05, 0.000111274, 0.955131, 0.000100624, -5.82309e-05, 8.40103e-05, 0.95513, 0.000101881, -5.1417e-05, 6.02963e-05, 0.955129, 9.82568e-05, -4.40902e-05, 4.02581e-05, 0.955128, 9.12157e-05, -3.67277e-05, 2.38177e-05, 0.955127, 8.19877e-05, -2.96783e-05, 1.07526e-05, 0.955127, 7.15732e-05, -2.31814e-05, 7.45751e-07, 0.955126, 6.0759e-05, -1.73857e-05, -6.57462e-06, 0.955126, 5.01392e-05, -1.23669e-05, -1.16026e-05, 0.955126, 4.01398e-05, -8.14469e-06, -1.47306e-05, 0.955125, 3.10442e-05, -4.69643e-06, -1.63316e-05, 0.955125, 2.30186e-05, -1.97016e-06, -1.67472e-05, 0.955125, 1.61363e-05, 1.05201e-07, -1.62808e-05, 0.955125, 1.03987e-05, 1.61134e-06, -1.51936e-05, 0.955125, 5.75508e-06, 2.6339e-06, -1.37043e-05, 0.955125, 2.11887e-06, 3.25747e-06, -1.19907e-05, 0.955125, -6.18823e-07, 3.56195e-06, -1.01924e-05, 0.955125, -2.57821e-06, 3.62021e-06, -8.4149e-06, 0.955125, -3.88225e-06, 3.4966e-06, -6.73405e-06, 0.955125, -4.65036e-06, 3.24632e-06, -5.2006e-06, 0.955125, -4.99388e-06, 2.91537e-06, -3.84468e-06, 0.955125, -5.01323e-06, 2.54095e-06, -2.68007e-06, 0.955125, -4.79627e-06, 2.15212e-06, -1.70799e-06, 0.955125, -4.4177e-06, 1.77069e-06, -9.20485e-07, 0.955125, -3.93918e-06, 1.41214e-06, -3.0329e-07, 0.955125, -3.41009e-06, 1.0867e-06, 1.61767e-07, 0.955125, -2.86856e-06, 8.00221e-07, 4.94851e-07, 0.955125, -2.34281e-06, 5.55143e-07, 7.16625e-07, 0.955125, -1.85245e-06, 3.5127e-07, 8.47128e-07, 0.955125, -1.41001e-06, 1.86497e-07, 9.04989e-07, 0.955125, -1.02219e-06, 5.74161e-08, 9.06912e-07, 0.955125, -6.91137e-07, -4.01832e-08, 8.67384e-07, 0.955125, -4.156e-07, -1.10907e-07, 7.98565e-07, 0.955125, -1.91869e-07, -1.5944e-07, 7.10318e-07, 0.955125, -1.46244e-08, -1.90308e-07, 6.10332e-07, 0.955125, 1.2237e-07, -2.077e-07, 5.04322e-07, 0.955125, 2.25705e-07, -2.15354e-07, 3.9628e-07, 0.955125, 3.01883e-07, -2.1648e-07, 2.88749e-07, 0.955125, 3.56971e-07, -2.13717e-07, 1.83111e-07, 0.955125, 3.96351e-07, -2.09119e-07, 7.98762e-08, 0.955125, 4.24543e-07, -2.04166e-07, -2.10319e-08, 0.955125, 4.45105e-07, -1.99787e-07, -1.2002e-07, 0.955125, 4.60602e-07, -1.96415e-07, -2.17601e-07, 0.955125, 4.72672e-07, -1.94074e-07, -3.14222e-07, 0.955125, 4.82203e-07, -1.92518e-07, -0.138366, -0.23229, -0.290523, -0.320604, -0.328969, -0.321079, -0.301541, -0.274216, -0.242285, -0.208314, -0.174305, -0.141751, -0.111699, -0.0848136, -0.0614426, -0.041685, -0.0254505, -0.0125141, -0.0025628, 0.00476668, 0.00985769, 0.0130907, 0.0148271, 0.0153974, 0.0150955, 0.0141745, 0.0128468, 0.0112853, 0.00962644, 0.00797362, 0.00640181, 0.00496168, 0.00368398, 0.00258354, 0.00166292, 0.00091571, 0.000329201, -0.000113262, -0.00043045, -0.000641804, -0.000766353, -0.000821952, -0.000824774, -0.000789024, -0.00072682, -0.000648205, -0.000561243, -0.000472193, -0.000385707, -0.000305057, -0.000232354, -0.000168775, -0.000114755, -7.01717e-05, -3.45048e-05, -6.96502e-06, 1.33953e-05, 2.75956e-05, 3.66608e-05, 4.15729e-05, 4.32374e-05, 4.24627e-05, 3.9949e-05, 3.62861e-05, 3.19558e-05, 2.73395e-05, 2.27278e-05, 1.83316e-05, 1.42944e-05, 1.07037e-05, 7.60207e-06, 4.9976e-06, 2.87249e-06, 1.1909e-06, -9.45871e-08, -1.03778e-06, -1.69471e-06, -2.12051e-06, -2.36709e-06, -2.48152e-06, -2.50496e-06, -2.47209e-06, -2.41079e-06, -2.34214e-06, -2.28059e-06, -2.2343e-06, -2.20574e-06, -2.1926e-06, -2.18927e-06, -2.18925e-06];
