% Results file from /casadi_with_cpp/autonaut/solver_gen.cpp
% Generated Apr 19 2023 at 12:01:56

optims = [0.091855, 0.9821, 0.19964, 0.031876, 0.103479, 0.971264, 0.166133, 0.0159556, 0.107847, 0.962524, 0.144243, 0.00266067, 0.106452, 0.955543, 0.129099, -0.00736154, 0.100888, 0.950441, 0.117767, -0.0142855, 0.0925748, 0.947193, 0.108497, -0.0185963, 0.0826687, 0.945574, 0.100274, -0.0208436, 0.0720635, 0.945233, 0.0925317, -0.0215348, 0.0614202, 0.945788, 0.0849782, -0.0210992, 0.051207, 0.946887, 0.0774946, -0.0198847, 0.0417379, 0.948239, 0.0700666, -0.0181673, 0.0332057, 0.949631, 0.062742, -0.0161624, 0.0257086, 0.950921, 0.0556007, -0.0140359, 0.0192736, 0.952032, 0.0487341, -0.0119124, 0.0138745, 0.952932, 0.0422301, -0.00988207, 0.00944816, 0.953623, 0.0361639, -0.00800647, 0.00590677, 0.954129, 0.0305926, -0.00632355, 0.00314886, 0.95448, 0.0255528, -0.00485227, 0.00106745, 0.954713, 0.021061, -0.00359689, -0.000443585, 0.954859, 0.0171155, -0.00255076, -0.00148499, 0.954944, 0.0136992, -0.00169969, -0.00214911, 0.954991, 0.0107833, -0.0010247, -0.00251812, 0.955014, 0.00832994, -0.00050433, -0.00266325, 0.955025, 0.0062961, -0.000116338, -0.00264476, 0.95503, 0.00463571, 0.000161011, -0.00251238, 0.955033, 0.0033022, 0.000348081, -0.0023062, 0.955037, 0.00225011, 0.000463317, -0.00205771, 0.955042, 0.00143646, 0.000522957, -0.00179087, 0.955049, 0.000821606, 0.000540937, -0.00152332, 0.955057, 0.000369778, 0.000528932, -0.00126743, 0.955065, 4.93391e-05, 0.00049649, -0.00103132, 0.955073, -0.000167177, 0.000451234, -0.000819779, 0.955082, -0.000303197, 0.000399084, -0.000635019, 0.955089, -0.000378363, 0.000344496, -0.000477372, 0.955096, -0.00040885, 0.000290699, -0.00034583, 0.955103, -0.000407744, 0.00023991, -0.000238497, 0.955108, -0.000385421, 0.000193544, -0.000152941, 0.955112, -0.000349933, 0.000152386, -8.64697e-05, 0.955116, -0.000307376, 0.000116743, -3.63329e-05, 0.955119, -0.000262224, 8.65787e-05, 1.36196e-07, 0.955121, -0.000217636, 6.16158e-05, 2.54225e-05, 0.955123, -0.000175726, 4.14222e-05, 4.177e-05, 0.955124, -0.000137794, 2.54775e-05, 5.11522e-05, 0.955125, -0.000104523, 1.32239e-05, 5.5263e-05, 0.955126, -7.61444e-05, 4.10292e-06, 5.55235e-05, 0.955126, -5.25694e-05, -2.4186e-06, 5.31e-05, 0.955127, -3.34953e-05, -6.83157e-06, 4.89269e-05, 0.955127, -1.84885e-05, -9.57493e-06, 4.37348e-05, 0.955127, -7.04791e-06, -1.10312e-05, 3.80784e-05, 0.955127, 1.34949e-06, -1.15258e-05, 3.23643e-05, 0.955127, 7.21554e-06, -1.13297e-05, 2.68778e-05, 0.955127, 1.10291e-05, -1.06631e-05, 2.18061e-05, 0.955126, 1.3223e-05, -9.70094e-06, 1.726e-05, 0.955126, 1.41764e-05, -8.57853e-06, 1.32919e-05, 0.955126, 1.42137e-05, -7.39726e-06, 9.91091e-06, 0.955126, 1.36047e-05, -6.23035e-06, 7.09621e-06, 0.955126, 1.2569e-05, -5.12795e-06, 4.80671e-06, 0.955126, 1.12802e-05, -4.12192e-06, 2.98933e-06, 0.955126, 9.87188e-06, -3.22988e-06, 1.58511e-06, 0.955126, 8.44316e-06, -2.45874e-06, 5.33789e-07, 0.955126, 7.06459e-06, -1.80767e-06, -2.23033e-07, 0.955125, 5.78334e-06, -1.27048e-06, -7.39696e-07, 0.955125, 4.62806e-06, -8.37542e-07, -1.0652e-06, 0.955125, 3.61309e-06, -4.97295e-07, -1.24252e-06, 0.955125, 2.74208e-06, -2.37374e-07, -1.30846e-06, 0.955125, 2.01105e-06, -4.54226e-08, -1.29381e-06, 0.955125, 1.41082e-06, 9.03276e-08, -1.22371e-06, 0.955125, 9.29031e-07, 1.80694e-07, -1.11823e-06, 0.955125, 5.51615e-07, 2.35329e-07, -9.92921e-07, 0.955125, 2.63973e-07, 2.62626e-07, -8.59518e-07, 0.955125, 5.17844e-08, 2.69718e-07, -7.26498e-07, 0.955125, -9.8425e-08, 2.62528e-07, -5.99688e-07, 0.955125, -1.98931e-07, 2.45864e-07, -4.82777e-07, 0.955125, -2.60618e-07, 2.23541e-07, -3.77789e-07, 0.955125, -2.92904e-07, 1.98501e-07, -2.85477e-07, 0.955125, -3.0376e-07, 1.72947e-07, -2.05663e-07, 0.955125, -2.99782e-07, 1.48463e-07, -1.37513e-07, 0.955125, -2.86305e-07, 1.26127e-07, -7.97704e-08, 0.955125, -2.67532e-07, 1.06609e-07, -3.09269e-08, 0.955125, -2.46677e-07, 9.02582e-08, 1.063e-08, 0.955125, -2.26095e-07, 7.71756e-08, 4.65105e-08, 0.955125, -2.07417e-07, 6.72692e-08, 7.82391e-08, 0.955125, -1.91655e-07, 6.03022e-08, 1.07192e-07, 0.955125, -1.79312e-07, 5.59277e-08, 1.34548e-07, 0.955125, -1.70464e-07, 5.37176e-08, 1.61258e-07, 0.955125, -1.64838e-07, 5.31856e-08, 1.88018e-07, 0.955125, -1.61893e-07, 5.38105e-08, 2.15263e-07, 0.955125, -1.60893e-07, 5.50642e-08, 2.43173e-07, 0.955125, -1.61012e-07, 5.64525e-08, 2.71706e-07, 0.955125, -1.61471e-07, 5.758e-08, 3.0068e-07, 0.955125, -1.61753e-07, 5.82549e-08, -0.141197, -0.230096, -0.280843, -0.30393, -0.307236, -0.296734, -0.276988, -0.2515, -0.22295, -0.193367, -0.164253, -0.136675, -0.111345, -0.0886854, -0.0688907, -0.051979, -0.0378397, -0.026274, -0.0170283, -0.00982094, -0.00436278, -0.000372438, 0.00241338, 0.00423335, 0.00529807, 0.00578887, 0.00585837, 0.00563216, 0.00521124, 0.00467479, 0.00408322, 0.00348103, 0.00289964, 0.00235988, 0.00187429, 0.00144905, 0.00108563, 0.000782167, 0.000534558, 0.000337349, 0.000184396, 6.93585e-05, -1.39397e-05, -7.12747e-05, -0.000107874, -0.000128341, -0.000136629, -0.000136055, -0.000129341, -0.000118665, -0.000105728, -9.18178e-05, -7.78769e-05, -6.45619e-05, -5.23008e-05, -4.13425e-05, -3.17995e-05, -2.36845e-05, -1.694e-05, -1.14621e-05, -7.11989e-06, -3.76928e-06, -1.264e-06, 5.37103e-07, 1.76504e-06, 2.5377e-06, 2.95843e-06, 3.11565e-06, 3.08332e-06, 2.92197e-06, 2.67996e-06, 2.395e-06, 2.09562e-06, 1.8027e-06, 1.53077e-06, 1.28927e-06, 1.0836e-06, 9.1604e-07, 7.86434e-07, 6.92814e-07, 6.31833e-07, 5.991e-07, 5.89437e-07, 5.97085e-07, 6.15909e-07, 6.39667e-07, 6.62411e-07, 6.79166e-07, 6.87038e-07, 6.87039e-07];
