% Results file from /casadi_with_cpp/autonaut/solver_gen.cpp
% Generated Apr 19 2023 at 11:51:58

optims = [0.091855, 0.9821, 0.19964, 0.031876, 0.10263, 0.988257, 0.241671, 0.0130092, 0.105333, 0.988993, 0.277968, -0.000859097, 0.10223, 0.986287, 0.308272, -0.010596, 0.0951707, 0.981909, 0.332712, -0.0169945, 0.0856329, 0.977098, 0.351687, -0.0207621, 0.0747657, 0.972574, 0.365765, -0.0225088, 0.0634402, 0.968665, 0.375587, -0.022745, 0.0522965, 0.965446, 0.381816, -0.0218896, 0.0417875, 0.962858, 0.385099, -0.0202823, 0.0322137, 0.960785, 0.386043, -0.0181969, 0.0237542, 0.95911, 0.3852, -0.015852, 0.0164918, 0.957736, 0.383065, -0.0134193, 0.0104344, 0.956595, 0.38006, -0.0110299, 0.00553413, 0.955645, 0.376544, -0.00877958, 0.00170361, 0.954866, 0.372802, -0.00673322, -0.00116984, 0.954245, 0.369061, -0.00492982, -0.0032126, 0.953776, 0.365485, -0.00338704, -0.0045553, 0.953452, 0.362189, -0.00210582, -0.00532564, 0.95326, 0.359245, -0.00107466, -0.00564323, 0.953187, 0.356689, -0.000273519, -0.00561618, 0.953213, 0.354532, 0.000322971, -0.0053392, 0.953318, 0.352761, 0.000742822, -0.00489282, 0.953482, 0.351351, 0.00101465, -0.00434349, 0.953685, 0.350267, 0.00116613, -0.00374436, 0.95391, 0.34947, 0.00122299, -0.00313643, 0.954141, 0.348918, 0.00120832, -0.00254997, 0.954367, 0.348567, 0.00114222, -0.00200604, 0.95458, 0.34838, 0.0010417, -0.00151804, 0.954772, 0.348319, 0.000920713, -0.00109314, 0.954941, 0.348353, 0.000790381, -0.00073368, 0.955086, 0.348455, 0.000659221, -0.000438364, 0.955205, 0.3486, 0.000533477, -0.000203298, 0.955301, 0.348771, 0.000417449, -2.28835e-05, 0.955375, 0.348952, 0.000313821, 0.000109466, 0.95543, 0.349133, 0.000223979, 0.00020075, 0.955469, 0.349304, 0.000148298, 0.000257953, 0.955494, 0.349461, 8.64016e-05, 0.000287721, 0.955508, 0.3496, 3.73828e-05, 0.000296156, 0.955513, 0.34972, -1.06015e-08, 0.000288676, 0.955512, 0.34982, -2.72242e-05, 0.000269958, 0.955506, 0.349902, -4.57781e-05, 0.000243921, 0.955497, 0.349965, -5.71764e-05, 0.000213756, 0.955486, 0.350013, -6.28431e-05, 0.000181972, 0.955475, 0.350048, -6.40778e-05, 0.000150473, 0.955463, 0.350071, -6.20302e-05, 0.000120628, 0.955452, 0.350084, -5.76879e-05, 9.33595e-05, 0.955441, 0.35009, -5.18751e-05, 6.92202e-05, 0.955432, 0.35009, -4.52595e-05, 4.84682e-05, 0.955424, 0.350086, -3.83636e-05, 3.11355e-05, 0.955417, 0.350079, -3.15809e-05, 1.70884e-05, 0.955412, 0.350071, -2.51923e-05, 6.07839e-06, 0.955407, 0.350061, -1.93843e-05, -2.21488e-06, 0.955404, 0.350051, -1.42659e-05, -8.14957e-06, 0.955402, 0.350042, -9.88468e-06, -1.20948e-05, 0.9554, 0.350033, -6.24141e-06, -1.44105e-05, 0.955399, 0.350025, -3.30274e-06, -1.54339e-05, 0.955398, 0.350018, -1.01196e-06, -1.54694e-05, 0.955398, 0.350012, 7.01953e-07, -1.47843e-05, 0.955399, 0.350007, 1.91724e-06, -1.36062e-05, 0.955399, 0.350004, 2.71377e-06, -1.21233e-05, 0.955399, 0.350001, 3.16893e-06, -1.04866e-05, 0.9554, 0.349998, 3.35473e-06, -8.8132e-06, 0.955401, 0.349997, 3.33597e-06, -7.18979e-06, 0.955401, 0.349996, 3.16924e-06, -5.67728e-06, 0.955402, 0.349995, 2.90251e-06, -4.31485e-06, 0.955402, 0.349995, 2.57529e-06, -3.12409e-06, 0.955403, 0.349995, 2.21912e-06, -2.11284e-06, 0.955403, 0.349996, 1.85828e-06, -1.27851e-06, 0.955404, 0.349996, 1.51064e-06, -6.11111e-07, 0.955404, 0.349996, 1.18857e-06, -9.56941e-08, 0.955404, 0.349997, 8.99876e-07, 2.8557e-07, 0.955404, 0.349997, 6.48676e-07, 5.51778e-07, 0.955404, 0.349998, 4.36193e-07, 7.22042e-07, 0.955404, 0.349998, 2.61482e-07, 8.1458e-07, 0.955404, 0.349999, 1.22059e-07, 8.46087e-07, 0.955404, 0.349999, 1.44192e-08, 8.31344e-07, 0.955404, 0.349999, -6.55261e-08, 7.83017e-07, 0.955404, 0.35, -1.22112e-07, 7.11611e-07, 0.955404, 0.35, -1.59653e-07, 6.25528e-07, 0.955404, 0.35, -1.82249e-07, 5.31219e-07, 0.955404, 0.35, -1.93646e-07, 4.33381e-07, 0.955404, 0.35, -1.97144e-07, 3.35198e-07, 0.955404, 0.35, -1.95541e-07, 2.38601e-07, 0.955404, 0.35, -1.91107e-07, 1.44526e-07, 0.955404, 0.35, -1.85582e-07, 5.3186e-08, 0.955404, 0.35, -1.80186e-07, -3.5685e-08, 0.955404, 0.35, -1.75649e-07, -1.22599e-07, 0.955404, 0.35, -1.72266e-07, -2.08116e-07, 0.955404, 0.35, -1.69976e-07, -2.92705e-07, 0.955404, 0.35, -1.6849e-07, -0.119458, -0.200907, -0.251285, -0.276925, -0.28342, -0.275616, -0.257648, -0.232991, -0.204497, -0.174451, -0.14461, -0.116266, -0.090303, -0.0672616, -0.0474047, -0.030778, -0.0172663, -0.00664245, 0.00139195, 0.00717306, 0.0110491, 0.0133608, 0.0144282, 0.0145411, 0.0139542, 0.0128852, 0.0115144, 0.00998708, 0.0084161, 0.00688558, 0.00545491, 0.00416271, 0.00303073, 0.0020674, 0.00127115, 0.000633103, 0.000139555, -0.000226124, -0.000481918, -0.000645969, -0.000735699, -0.000767206, -0.000754886, -0.000711229, -0.00064677, -0.000570131, -0.000488149, -0.000406044, -0.000327625, -0.000255491, -0.000191248, -0.000135699, -8.9033e-05, -5.09758e-05, -2.09337e-05, 1.89403e-06, 1.8422e-05, 2.96054e-05, 3.63851e-05, 3.96485e-05, 4.0203e-05, 3.87609e-05, 3.59325e-05, 3.22256e-05, 2.80502e-05, 2.37261e-05, 1.9493e-05, 1.55208e-05, 1.19211e-05, 8.75739e-06, 6.05572e-06, 3.81309e-06, 2.00564e-06, 5.95208e-07, -4.65079e-07, -1.22639e-06, -1.74075e-06, -2.0584e-06, -2.22597e-06, -2.28524e-06, -2.27229e-06, -2.21715e-06, -2.14362e-06, -2.06934e-06, -2.00603e-06, -1.95983e-06, -1.93189e-06, -1.91922e-06, -1.91605e-06, -1.91603e-06];
